1000	14	376	6	6407	8362	1955
1000	32	363	6	8796	9810	1014
1000	43	379	4	7070	9143	2073
1000	19	355	5	8291	11425	3134
1000	35	365	5	7158	9347	2189
1000	45	361	5	7726	10365	2639
1000	33	369	5	7490	10853	3363
1000	52	373	5	6304	9958	3654
1000	52	362	5	9063	12337	3274
1000	46	354	5	6875	11028	4153
1000	8	358	5	7946	12261	4315
1000	52	350	5	8327	8795	468
1000	42	374	6	6652	9082	2430
1000	41	366	5	6923	9147	2224
1000	43	360	6	9066	9258	192
1000	67	351	5	7075	11181	4106
1000	27	371	7	7011	10022	3011
1000	22	363	5	7163	8244	1081
1000	49	349	6	6446	9669	3223
1000	30	368	5	6322	11549	5227
1000	42	378	5	12375	13219	844
1000	74	363	5	6796	8614	1818
1000	18	366	5	6099	7165	1066
1000	9	370	5	8333	9842	1509
1000	28	362	5	6203	9737	3534
1000	68	373	6	7763	8925	1162
1000	34	372	5	8448	8603	155
1000	20	369	6	7149	9759	2610
1000	48	370	7	6478	9425	2947
1000	14	367	6	7773	10231	2458
1000	54	359	8	7876	9504	1628
1000	25	380	5	6766	9364	2598
1000	67	372	5	5936	8839	2903
1000	37	369	6	7330	11259	3929
1000	78	379	7	10117	10453	336
1000	46	364	6	6420	9437	3017
1000	19	369	6	6533	9178	2645
1000	23	363	5	5651	9284	3633
1000	104	349	6	8708	9693	985
1000	93	379	6	6914	9190	2276
1000	74	366	6	8050	8785	735
1000	51	377	6	8029	11654	3625
1000	69	388	5	6723	8720	1997
1000	21	364	5	10657	12804	2147
1000	27	360	5	6991	9357	2366
1000	21	371	7	7300	10427	3127
1000	32	352	6	6042	8868	2826
1000	78	357	5	6486	10667	4181
1000	30	364	5	7637	7950	313
1000	55	366	6	5684	7689	2005
2000	69	718	6	14710	16608	1898
2000	36	740	6	12575	24775	12200
2000	68	739	5	17099	20700	3601
2000	105	746	5	15506	19716	4210
2000	57	730	5	19343	21272	1929
2000	28	754	5	19351	24424	5073
2000	56	729	7	17944	19247	1303
2000	48	743	6	15700	21422	5722
2000	67	734	5	15474	17250	1776
2000	109	740	6	15162	20232	5070
2000	103	733	6	16544	19289	2745
2000	78	727	7	15885	18290	2405
2000	132	723	6	16389	25126	8737
2000	77	767	6	16771	25205	8434
2000	51	733	6	16197	23001	6804
2000	17	758	6	12573	22013	9440
2000	9	753	5	16734	19299	2565
2000	38	737	5	14033	19418	5385
2000	22	726	5	18598	20888	2290
2000	85	749	5	15847	18238	2391
2000	58	718	5	16573	19027	2454
2000	66	734	5	18594	32887	14293
2000	55	735	5	16569	27676	11107
2000	48	726	5	15547	21714	6167
2000	46	766	6	16062	19378	3316
2000	101	746	6	16406	19507	3101
2000	41	751	6	15170	18114	2944
2000	68	755	6	15365	21697	6332
2000	29	744	6	14190	20957	6767
2000	119	740	5	20427	23425	2998
2000	59	723	5	11715	17808	6093
2000	24	740	6	17522	20582	3060
2000	63	747	6	15530	17706	2176
2000	23	710	6	17159	23463	6304
2000	51	768	5	19575	25525	5950
2000	36	747	6	14982	20846	5864
2000	52	747	6	16345	18198	1853
2000	46	740	6	15845	23705	7860
2000	126	721	6	15957	21277	5320
2000	13	721	6	12998	19600	6602
2000	38	729	7	20151	21049	898
2000	65	726	5	13748	19128	5380
2000	107	728	6	18214	21050	2836
2000	7	730	5	14097	21957	7860
2000	62	712	5	19244	19939	695
2000	7	725	5	15364	23171	7807
2000	83	721	6	22255	25623	3368
2000	42	749	6	16426	20144	3718
2000	104	749	6	17992	19068	1076
2000	8	727	7	13502	19867	6365
3000	81	1128	6	26048	38090	12042
3000	36	1138	7	23099	28694	5595
3000	41	1117	5	24170	28688	4518
3000	34	1130	7	30756	32515	1759
3000	62	1099	6	23341	30317	6976
3000	82	1092	6	31545	34849	3304
3000	61	1122	6	21168	34051	12883
3000	66	1104	6	21779	33241	11462
3000	56	1119	6	26890	41320	14430
3000	35	1104	6	33503	38787	5284
3000	40	1062	6	21745	39020	17275
3000	119	1092	7	24207	28899	4692
3000	90	1101	7	21746	30828	9082
3000	62	1099	6	28430	31730	3300
3000	45	1081	5	21186	31020	9834
3000	72	1115	6	26950	30383	3433
3000	96	1121	7	28373	35149	6776
3000	96	1095	6	32196	34985	2789
3000	96	1098	7	20717	35702	14985
3000	90	1124	5	24124	29679	5555
3000	20	1124	6	24742	34723	9981
3000	105	1098	6	22748	29166	6418
3000	115	1108	7	25926	33540	7614
3000	69	1112	6	22958	28698	5740
3000	128	1089	6	22906	38959	16053
3000	73	1107	7	28927	34732	5805
3000	78	1084	6	23341	28732	5391
3000	125	1087	6	23617	35482	11865
3000	39	1088	6	21510	28647	7137
3000	46	1116	6	25223	38860	13637
3000	24	1120	6	37080	38822	1742
3000	12	1091	6	32439	35934	3495
3000	91	1073	7	21531	27307	5776
3000	33	1091	6	21225	28421	7196
3000	66	1091	7	28035	36525	8490
3000	16	1083	6	28489	29203	714
3000	103	1112	6	28915	36458	7543
3000	94	1120	5	27146	29652	2506
3000	15	1104	7	20400	29913	9513
3000	40	1111	6	36184	36685	501
3000	45	1071	6	27687	33464	5777
3000	65	1133	6	26604	34994	8390
3000	68	1098	6	20555	30370	9815
3000	88	1127	6	22469	40150	17681
3000	47	1108	6	26533	27262	729
3000	67	1111	7	26398	30458	4060
3000	27	1095	6	26977	29515	2538
3000	30	1081	6	27147	39446	12299
3000	43	1117	6	21548	32133	10585
3000	75	1110	6	28242	40232	11990
4000	47	1463	6	34142	46817	12675
4000	105	1458	6	39682	46054	6372
4000	64	1455	6	30804	51235	20431
4000	28	1501	6	27788	48869	21081
4000	113	1471	6	33466	41746	8280
4000	67	1468	6	33660	46960	13300
4000	14	1438	6	33510	46646	13136
4000	44	1477	6	32462	59602	27140
4000	96	1486	6	34926	38080	3154
4000	48	1473	6	27134	39033	11899
4000	138	1486	5	31997	41116	9119
4000	37	1491	6	35741	52905	17164
4000	76	1476	6	32821	47946	15125
4000	79	1488	6	26373	34267	7894
4000	55	1475	6	33040	43008	9968
4000	133	1496	6	35945	43205	7260
4000	68	1479	6	35592	51935	16343
4000	101	1457	7	42803	59336	16533
4000	27	1481	8	30191	45520	15329
4000	45	1457	6	27946	44227	16281
4000	113	1465	6	45043	47810	2767
4000	133	1431	6	32483	43427	10944
4000	82	1483	7	31342	40197	8855
4000	43	1447	6	33776	39418	5642
4000	50	1499	6	35968	43069	7101
4000	114	1464	6	39688	40621	933
4000	40	1494	7	27746	39289	11543
4000	57	1474	6	35013	48062	13049
4000	93	1476	6	35696	43832	8136
4000	88	1490	7	37774	49419	11645
4000	58	1526	6	40279	69300	29021
4000	97	1527	6	41579	46847	5268
4000	76	1434	6	35473	40262	4789
4000	37	1474	6	43309	46829	3520
4000	39	1473	6	37021	45868	8847
4000	95	1447	6	30422	43017	12595
4000	120	1492	7	34279	41063	6784
4000	108	1467	5	36735	44321	7586
4000	13	1457	6	37105	40189	3084
4000	52	1479	6	32515	46265	13750
4000	78	1497	6	34780	45154	10374
4000	84	1477	5	31848	50449	18601
4000	93	1439	7	35272	39409	4137
4000	82	1467	7	32153	37061	4908
4000	254	1458	6	36408	41857	5449
4000	148	1417	5	30451	38439	7988
4000	53	1468	7	29922	42147	12225
4000	32	1466	7	27911	50922	23011
4000	126	1467	6	32071	42096	10025
4000	163	1496	6	31911	46019	14108
5000	106	1825	6	45223	57529	12306
5000	70	1840	6	51146	52059	913
5000	140	1811	6	44694	55978	11284
5000	58	1833	7	44151	71704	27553
5000	135	1830	6	46253	53854	7601
5000	92	1849	6	49821	61427	11606
5000	69	1821	6	48648	64671	16023
5000	128	1843	6	56145	74958	18813
5000	135	1850	6	39757	53543	13786
5000	106	1844	6	47880	59033	11153
5000	84	1827	8	43255	65433	22178
5000	41	1797	6	37679	56017	18338
5000	38	1833	6	48953	68129	19176
5000	123	1796	6	49271	54662	5391
5000	105	1776	6	45479	56578	11099
5000	84	1840	6	43259	63366	20107
5000	81	1821	7	59706	67554	7848
5000	41	1827	6	46969	56247	9278
5000	78	1827	6	41259	54169	12910
5000	151	1842	7	39253	54425	15172
5000	48	1853	6	46841	67456	20615
5000	45	1868	6	38309	48943	10634
5000	130	1837	6	42482	52889	10407
5000	12	1794	6	47353	60290	12937
5000	132	1856	6	42258	73063	30805
5000	66	1834	5	45753	55276	9523
5000	99	1801	7	41816	53750	11934
5000	159	1832	7	40444	64531	24087
5000	58	1837	6	53733	60123	6390
5000	48	1861	7	52470	71158	18688
5000	42	1838	6	38809	51637	12828
5000	81	1845	5	41999	52572	10573
5000	12	1871	6	44662	52184	7522
5000	60	1831	6	38508	66264	27756
5000	64	1866	6	48218	57418	9200
5000	207	1861	7	51607	61563	9956
5000	119	1831	7	38650	49456	10806
5000	48	1862	6	54603	58679	4076
5000	19	1846	6	44126	59087	14961
5000	56	1850	6	66256	67557	1301
5000	52	1841	6	50258	54762	4504
5000	83	1854	6	49497	56651	7154
5000	109	1849	6	39353	49642	10289
5000	84	1895	7	40121	51123	11002
5000	32	1853	6	42868	55966	13098
5000	37	1899	6	51626	53329	1703
5000	149	1847	6	42256	52833	10577
5000	142	1813	6	50246	51991	1745
5000	149	1837	8	55734	73720	17986
5000	71	1866	6	46563	49381	2818
6000	137	2199	6	61527	71417	9890
6000	78	2196	6	61692	80090	18398
6000	64	2224	6	45502	74887	29385
6000	207	2186	6	61745	76927	15182
6000	98	2228	7	56615	69785	13170
6000	105	2204	6	55394	71975	16581
6000	24	2248	7	46688	68474	21786
6000	48	2245	6	49556	66116	16560
6000	60	2171	6	50810	89007	38197
6000	112	2238	6	63310	67422	4112
6000	139	2201	7	46856	70805	23949
6000	81	2188	6	76758	77567	809
6000	84	2203	6	59091	62773	3682
6000	103	2193	6	91475	104319	12844
6000	30	2220	6	51169	74859	23690
6000	146	2186	6	50887	74979	24092
6000	105	2210	8	50956	79448	28492
6000	122	2221	7	49523	65559	16036
6000	145	2173	6	53573	68139	14566
6000	79	2180	7	57794	68383	10589
6000	80	2221	7	58240	74170	15930
6000	109	2218	6	58863	67403	8540
6000	87	2210	6	52797	64358	11561
6000	173	2230	6	58334	66578	8244
6000	110	2208	7	56363	63072	6709
6000	28	2208	7	48654	68213	19559
6000	88	2259	6	58730	64869	6139
6000	74	2204	7	59085	62168	3083
6000	135	2196	7	59077	70341	11264
6000	133	2218	6	45024	85344	40320
6000	59	2189	6	52080	79154	27074
6000	162	2216	7	53285	76358	23073
6000	60	2188	7	55682	64492	8810
6000	88	2206	6	71043	91627	20584
6000	67	2215	6	47391	81933	34542
6000	189	2213	6	53160	72711	19551
6000	48	2189	6	59616	81593	21977
6000	207	2223	6	51819	64017	12198
6000	76	2251	6	58181	68585	10404
6000	50	2219	5	57448	74770	17322
6000	32	2243	6	55863	64989	9126
6000	42	2148	6	69560	79677	10117
6000	135	2201	9	54187	71594	17407
6000	141	2216	6	58997	95168	36171
6000	85	2214	7	57015	65268	8253
6000	122	2219	6	56812	82321	25509
6000	220	2201	7	49857	76302	26445
6000	115	2173	6	56526	69536	13010
6000	38	2212	6	70133	81515	11382
6000	205	2183	7	42620	65299	22679
7000	121	2560	6	81584	89561	7977
7000	40	2547	7	69317	76896	7579
7000	85	2591	7	84596	85292	696
7000	41	2538	7	73951	102672	28721
7000	86	2585	7	73492	119423	45931
7000	198	2587	6	72681	82179	9498
7000	100	2601	6	72090	96480	24390
7000	145	2615	8	54298	90390	36092
7000	100	2561	6	57305	90519	33214
7000	127	2578	7	69686	80160	10474
7000	91	2564	6	63765	79820	16055
7000	55	2623	8	55702	86139	30437
7000	96	2525	6	72861	84237	11376
7000	125	2558	6	60934	80331	19397
7000	192	2577	6	75234	81808	6574
7000	20	2556	7	68969	78098	9129
7000	123	2558	6	66035	74101	8066
7000	198	2592	6	54633	72439	17806
7000	241	2633	7	62898	82327	19429
7000	87	2611	6	59645	71604	11959
7000	82	2600	7	61370	68627	7257
7000	177	2576	7	63200	76728	13528
7000	67	2587	7	59928	107988	48060
7000	118	2588	7	78211	94276	16065
7000	63	2578	6	70915	97527	26612
7000	240	2599	7	57376	80997	23621
7000	108	2547	6	66376	82519	16143
7000	99	2573	7	63374	79227	15853
7000	46	2555	6	70188	83056	12868
7000	106	2590	7	81549	98402	16853
7000	196	2538	7	66871	75808	8937
7000	224	2567	6	63159	83607	20448
7000	96	2558	8	78373	81813	3440
7000	78	2600	7	62847	106271	43424
7000	192	2594	7	59839	86233	26394
7000	51	2612	6	70861	93023	22162
7000	155	2551	8	67875	78457	10582
7000	50	2603	6	53186	103266	50080
7000	149	2581	7	65044	76813	11769
7000	37	2599	7	62545	74217	11672
7000	53	2588	6	71221	77654	6433
7000	151	2617	6	69344	83046	13702
7000	203	2588	6	53441	75322	21881
7000	168	2550	7	56422	81031	24609
7000	45	2591	6	63864	83539	19675
7000	113	2560	6	63700	78662	14962
7000	172	2544	7	75852	81615	5763
7000	86	2584	7	55713	68109	12396
7000	147	2542	7	59486	106517	47031
7000	166	2561	7	63071	79908	16837
8000	121	2915	7	96828	109934	13106
8000	140	2891	7	81937	88357	6420
8000	152	2947	6	85582	100589	15007
8000	78	2890	7	72119	108494	36375
8000	123	2919	6	66768	85681	18913
8000	177	2965	7	76409	98813	22404
8000	131	2938	6	75110	111093	35983
8000	245	2946	7	94239	94745	506
8000	174	2895	5	84046	103178	19132
8000	64	2960	7	80600	110228	29628
8000	131	2966	7	75940	101370	25430
8000	142	2935	6	68974	94013	25039
8000	99	2954	6	73519	88619	15100
8000	183	2983	7	61995	93621	31626
8000	214	2953	6	69874	86605	16731
8000	95	2941	7	70767	89968	19201
8000	204	2892	8	71542	86516	14974
8000	67	2918	7	99042	117310	18268
8000	195	2915	7	80098	91153	11055
8000	45	2932	6	117865	120542	2677
8000	57	2994	7	67906	141179	73273
8000	160	2945	6	58533	83276	24743
8000	94	2987	7	62524	88696	26172
8000	103	2956	6	61069	97346	36277
8000	171	2918	7	66347	88603	22256
8000	58	2979	7	88833	104607	15774
8000	57	2947	6	63379	89975	26596
8000	101	2894	6	88984	107844	18860
8000	162	2936	6	72159	97828	25669
8000	25	2920	6	66385	98254	31869
8000	89	2921	7	88560	91263	2703
8000	68	2923	6	59786	92687	32901
8000	48	2916	6	77001	101209	24208
8000	21	2886	7	70422	92513	22091
8000	144	2958	7	74312	93749	19437
8000	156	2970	6	79221	112451	33230
8000	94	2966	7	78347	104750	26403
8000	77	2924	7	82969	91418	8449
8000	133	2927	6	100410	107680	7270
8000	120	2928	6	73600	85330	11730
8000	208	2901	6	73312	95092	21780
8000	138	2953	7	85100	93455	8355
8000	130	2952	6	73765	90485	16720
8000	72	2973	7	68994	87255	18261
8000	121	2965	6	78607	104653	26046
8000	158	2919	6	70303	108294	37991
8000	148	2930	7	73702	105108	31406
8000	143	2930	6	102127	109760	7633
8000	206	2908	6	77456	86452	8996
8000	189	2928	6	71855	82238	10383
9000	84	3318	6	98048	118514	20466
9000	120	3346	6	80501	98250	17749
9000	12	3270	8	86069	100676	14607
9000	121	3330	6	96058	113542	17484
9000	64	3293	7	102338	108508	6170
9000	148	3346	7	95137	105304	10167
9000	98	3256	8	76508	97610	21102
9000	88	3291	8	84567	145971	61404
9000	76	3322	7	101897	138648	36751
9000	171	3312	7	78775	92466	13691
9000	56	3297	8	94234	120209	25975
9000	182	3325	7	85563	93129	7566
9000	28	3358	6	80115	102017	21902
9000	106	3321	7	79356	93604	14248
9000	175	3304	7	85617	94198	8581
9000	47	3282	6	80629	114169	33540
9000	85	3317	7	81955	105893	23938
9000	146	3389	8	79676	104163	24487
9000	133	3316	6	102773	105182	2409
9000	89	3319	6	81315	99871	18556
9000	120	3362	6	87269	109527	22258
9000	100	3294	6	82850	129724	46874
9000	204	3310	7	100020	113187	13167
9000	99	3306	6	88537	103445	14908
9000	94	3365	6	86563	108952	22389
9000	160	3293	7	122393	127992	5599
9000	184	3328	6	94550	136815	42265
9000	111	3306	6	98115	122744	24629
9000	178	3345	6	94838	112142	17304
9000	238	3336	6	88581	113464	24883
9000	255	3350	7	85206	108606	23400
9000	102	3326	8	96071	111117	15046
9000	128	3291	7	71604	101589	29985
9000	158	3318	7	84054	103302	19248
9000	162	3298	7	86229	102695	16466
9000	85	3354	7	75597	102324	26727
9000	97	3277	7	96686	110108	13422
9000	150	3326	7	74149	93847	19698
9000	56	3354	8	90431	109075	18644
9000	100	3288	6	88591	110344	21753
9000	170	3309	7	93602	128405	34803
9000	128	3301	7	86085	104921	18836
9000	154	3293	7	73802	100552	26750
9000	136	3272	6	74908	114209	39301
9000	196	3364	6	84118	108039	23921
9000	156	3361	7	80296	110491	30195
9000	79	3300	6	96841	109142	12301
9000	218	3337	6	76345	99073	22728
9000	25	3344	6	74936	113510	38574
9000	182	3320	6	80695	106518	25823
10000	50	3661	6	116745	143974	27229
10000	186	3658	7	116274	131457	15183
10000	195	3639	6	90412	119576	29164
10000	189	3619	7	93458	113789	20331
10000	95	3653	7	85873	119792	33919
10000	75	3683	8	100304	110479	10175
10000	261	3709	7	99617	144312	44695
10000	165	3643	7	101649	115096	13447
10000	143	3722	6	80037	169050	89013
10000	210	3701	7	97012	120649	23637
10000	55	3654	6	102426	123699	21273
10000	184	3721	6	125508	129397	3889
10000	182	3648	6	98327	107511	9184
10000	83	3699	7	79493	104725	25232
10000	102	3679	5	85120	124382	39262
10000	85	3665	7	100394	129116	28722
10000	182	3700	7	132725	142637	9912
10000	223	3668	6	107514	137425	29911
10000	195	3685	8	100199	116048	15849
10000	92	3666	6	122715	130581	7866
10000	247	3658	6	93618	115523	21905
10000	250	3684	6	103729	119565	15836
10000	90	3662	7	101077	118771	17694
10000	171	3727	6	104194	122777	18583
10000	124	3698	7	101093	119142	18049
10000	158	3653	6	109265	109448	183
10000	79	3694	7	82943	123225	40282
10000	91	3681	8	88019	113475	25456
10000	38	3689	7	107132	123228	16096
10000	44	3678	8	92619	121482	28863
10000	76	3650	7	105140	145871	40731
10000	127	3681	6	105747	120455	14708
10000	116	3713	6	103077	123287	20210
10000	111	3680	6	92587	107347	14760
10000	213	3660	6	109440	119690	10250
10000	272	3724	7	93757	115763	22006
10000	146	3693	9	91604	123864	32260
10000	160	3685	7	97642	112093	14451
10000	59	3657	7	91079	138656	47577
10000	73	3676	7	145713	174505	28792
10000	81	3663	6	92882	110003	17121
10000	112	3684	6	107271	122144	14873
10000	118	3720	7	100174	105126	4952
10000	147	3695	7	73878	108451	34573
10000	111	3684	6	91510	113897	22387
10000	126	3700	6	83253	116343	33090
10000	176	3690	7	97104	116805	19701
10000	161	3713	7	120436	142547	22111
10000	157	3685	6	98843	121202	22359
10000	37	3686	6	93468	110632	17164
11000	85	4041	7	91038	183035	91997
11000	89	4060	7	109738	121287	11549
11000	89	4037	7	92354	147623	55269
11000	72	4117	7	97109	114861	17752
11000	101	4021	8	111629	133348	21719
11000	271	4050	9	124042	137307	13265
11000	16	4064	6	98872	120923	22051
11000	135	4089	7	96628	133407	36779
11000	104	4042	7	107534	126027	18493
11000	94	4043	6	101688	139501	37813
11000	177	3999	6	101755	120311	18556
11000	113	4070	7	132238	136325	4087
11000	49	4050	6	113953	118891	4938
11000	57	4015	6	115319	148163	32844
11000	104	4012	7	109335	163670	54335
11000	88	4040	7	121316	145615	24299
11000	93	4050	6	112671	151961	39290
11000	145	4073	7	105086	148721	43635
11000	20	4084	7	88024	128945	40921
11000	222	4044	7	106836	113364	6528
11000	69	4041	9	115455	127970	12515
11000	112	3999	6	107923	130978	23055
11000	115	4019	7	104247	144769	40522
11000	195	4026	6	96106	120784	24678
11000	126	4050	7	135470	168355	32885
11000	72	4055	7	106298	125901	19603
11000	182	4028	6	111899	136544	24645
11000	119	4019	7	110429	151124	40695
11000	232	4025	7	91072	154541	63469
11000	176	4028	7	95603	129975	34372
11000	291	4084	6	114705	118235	3530
11000	126	4099	6	113683	124379	10696
11000	49	4068	7	116489	134467	17978
11000	193	3996	6	146128	157611	11483
11000	157	4080	6	95561	131008	35447
11000	107	4037	6	91817	160287	68470
11000	16	4055	6	123183	134973	11790
11000	343	4054	7	160058	166095	6037
11000	202	4027	7	116454	130138	13684
11000	133	4012	6	114496	141761	27265
11000	87	4060	7	117933	131593	13660
11000	130	4058	7	107697	122274	14577
11000	120	4040	7	103105	145963	42858
11000	199	4069	8	94370	127110	32740
11000	195	4064	7	135975	136527	552
11000	157	4083	7	109098	133461	24363
11000	52	4056	7	96734	129056	32322
11000	116	4015	7	107862	116484	8622
11000	134	4057	6	115285	135608	20323
11000	94	4025	6	114785	144094	29309
12000	103	4441	7	120954	130749	9795
12000	101	4445	7	110867	153664	42797
12000	161	4409	7	141393	164704	23311
12000	78	4379	7	114369	164451	50082
12000	115	4404	7	133041	179557	46516
12000	196	4339	6	111599	180382	68783
12000	196	4415	7	103687	157001	53314
12000	70	4367	7	169917	172592	2675
12000	142	4415	7	116396	131200	14804
12000	144	4407	6	120891	141890	20999
12000	132	4385	9	148023	157508	9485
12000	168	4394	8	119488	166381	46893
12000	98	4389	7	133510	137557	4047
12000	164	4420	6	114518	152646	38128
12000	95	4384	7	122985	166930	43945
12000	108	4395	6	106656	168624	61968
12000	80	4437	6	112052	127688	15636
12000	27	4412	7	119042	167982	48940
12000	305	4386	6	131146	159622	28476
12000	107	4347	8	119392	174055	54663
12000	98	4435	7	105318	179209	73891
12000	52	4387	7	125736	151385	25649
12000	133	4385	7	117333	153631	36298
12000	237	4447	7	122056	149068	27012
12000	147	4396	6	121343	164020	42677
12000	129	4464	8	128913	143656	14743
12000	237	4399	7	136842	154556	17714
12000	68	4416	7	115964	155239	39275
12000	89	4459	6	114966	140084	25118
12000	133	4430	7	126119	131640	5521
12000	174	4390	7	106279	140582	34303
12000	136	4417	7	109737	163856	54119
12000	215	4386	7	130463	160210	29747
12000	169	4396	6	105668	172721	67053
12000	137	4491	7	121249	140525	19276
12000	105	4355	7	109397	177793	68396
12000	60	4445	6	120528	145295	24767
12000	136	4411	7	109727	152947	43220
12000	167	4335	7	134189	149055	14866
12000	272	4423	7	156862	162906	6044
12000	105	4375	6	109411	148462	39051
12000	169	4408	7	120996	172625	51629
12000	254	4430	7	112226	158916	46690
12000	218	4405	6	110112	131774	21662
12000	77	4463	8	117409	155968	38559
12000	91	4424	8	100655	164675	64020
12000	78	4441	7	119349	140264	20915
12000	164	4438	6	100919	139659	38740
12000	45	4466	7	118539	139018	20479
12000	182	4371	6	108187	125924	17737
13000	243	4761	9	134019	198127	64108
13000	125	4739	7	118035	187921	69886
13000	58	4781	8	129929	155151	25222
13000	77	4796	6	114396	147538	33142
13000	133	4753	7	124267	154731	30464
13000	272	4802	6	149339	159614	10275
13000	160	4803	6	122460	140639	18179
13000	127	4830	8	106340	143707	37367
13000	185	4794	7	127266	154956	27690
13000	93	4815	7	119265	170104	50839
13000	189	4790	7	115720	158416	42696
13000	23	4811	6	122178	171676	49498
13000	52	4803	7	111554	165957	54403
13000	49	4807	7	123551	151783	28232
13000	210	4742	8	135727	153930	18203
13000	96	4735	6	125548	162548	37000
13000	51	4733	7	152125	163090	10965
13000	251	4778	7	130034	186037	56003
13000	253	4808	7	113066	208333	95267
13000	97	4781	8	125433	158152	32719
13000	46	4775	7	130812	150480	19668
13000	67	4770	7	150595	176020	25425
13000	53	4806	6	153572	168178	14606
13000	127	4813	7	143271	155794	12523
13000	185	4754	6	163214	185767	22553
13000	231	4740	6	146971	167992	21021
13000	240	4802	7	129859	169182	39323
13000	126	4775	7	145883	154772	8889
13000	126	4805	8	112894	167589	54695
13000	87	4788	6	145299	184986	39687
13000	129	4823	7	135827	179942	44115
13000	66	4790	6	134398	146529	12131
13000	133	4701	7	125065	185237	60172
13000	114	4722	8	122110	140456	18346
13000	80	4775	6	118318	146282	27964
13000	78	4786	8	133605	147500	13895
13000	46	4725	7	108903	189293	80390
13000	239	4788	7	139056	165955	26899
13000	131	4780	7	121132	143680	22548
13000	111	4784	8	108475	166728	58253
13000	158	4793	6	130493	175451	44958
13000	75	4767	9	149044	185358	36314
13000	37	4810	7	130782	159931	29149
13000	236	4795	6	137026	147659	10633
13000	98	4792	7	121675	157279	35604
13000	93	4725	6	96069	147585	51516
13000	194	4747	7	123804	152772	28968
13000	166	4821	6	133348	171200	37852
13000	96	4795	6	129188	167790	38602
13000	44	4748	6	122669	152786	30117
14000	127	5129	7	170196	214314	44118
14000	152	5140	6	143628	159977	16349
14000	73	5239	8	124807	174059	49252
14000	270	5149	7	143981	188675	44694
14000	95	5189	6	126209	188973	62764
14000	76	5190	6	121280	182809	61529
14000	148	5152	10	130416	194092	63676
14000	68	5127	7	124687	222287	97600
14000	273	5171	6	127333	174382	47049
14000	138	5190	6	156534	170282	13748
14000	179	5118	6	119156	169393	50237
14000	218	5147	7	143682	158094	14412
14000	63	5174	9	137875	160744	22869
14000	162	5120	8	127991	147662	19671
14000	115	5135	7	143434	200784	57350
14000	79	5057	7	134487	171539	37052
14000	107	5146	7	118749	179006	60257
14000	288	5158	7	162488	173917	11429
14000	207	5168	7	138484	178830	40346
14000	251	5186	6	142678	166936	24258
14000	95	5117	7	130670	183436	52766
14000	179	5158	8	130251	176388	46137
14000	185	5178	7	132993	159862	26869
14000	97	5188	7	133602	163700	30098
14000	112	5183	6	152101	180046	27945
14000	84	5088	7	149458	174887	25429
14000	236	5187	9	144364	162975	18611
14000	124	5142	7	186662	195992	9330
14000	177	5080	7	159296	177252	17956
14000	117	5157	6	132614	152473	19859
14000	210	5095	7	126702	160275	33573
14000	106	5110	6	142177	169822	27645
14000	128	5189	6	138081	183315	45234
14000	230	5209	7	154258	178729	24471
14000	119	5152	6	149868	186580	36712
14000	23	5146	6	140407	148628	8221
14000	154	5188	7	136039	176319	40280
14000	183	5091	6	137747	194313	56566
14000	76	5154	7	136438	159815	23377
14000	129	5092	7	187539	189359	1820
14000	126	5218	7	150251	175917	25666
14000	310	5118	8	135675	180976	45301
14000	124	5280	7	132111	168420	36309
14000	242	5149	6	131612	164934	33322
14000	180	5184	7	151141	178234	27093
14000	112	5195	7	122331	158106	35775
14000	71	5183	6	127325	173567	46242
14000	430	5106	7	124146	203288	79142
14000	136	5244	7	139221	175769	36548
14000	50	5117	6	167945	177990	10045
15000	126	5513	7	147056	201636	54580
15000	57	5527	7	156420	187655	31235
15000	333	5522	6	149157	170243	21086
15000	247	5569	7	163240	208226	44986
15000	115	5514	6	153649	196698	43049
15000	75	5443	8	153584	217522	63938
15000	169	5506	7	148254	171760	23506
15000	190	5511	7	137352	189484	52132
15000	60	5541	6	148093	214755	66662
15000	93	5514	7	149755	265900	116145
15000	160	5579	6	151319	180710	29391
15000	87	5508	8	156436	178042	21606
15000	26	5410	7	142391	203978	61587
15000	46	5525	6	169123	175877	6754
15000	96	5489	6	149245	203828	54583
15000	116	5540	7	146069	164527	18458
15000	66	5562	7	160523	193742	33219
15000	107	5491	7	145989	189935	43946
15000	45	5508	8	159866	188033	28167
15000	295	5543	7	152172	183801	31629
15000	175	5490	8	153529	164681	11152
15000	206	5514	7	149216	197987	48771
15000	182	5520	7	143072	214151	71079
15000	53	5492	7	150031	179699	29668
15000	210	5517	9	162041	177298	15257
15000	160	5488	7	144498	196421	51923
15000	117	5469	7	150003	166622	16619
15000	102	5518	6	152768	212119	59351
15000	215	5498	7	137045	172276	35231
15000	116	5503	8	177182	212837	35655
15000	37	5534	6	184140	186170	2030
15000	80	5516	6	111155	192069	80914
15000	12	5474	6	166385	220300	53915
15000	139	5482	7	147535	171515	23980
15000	116	5540	8	148178	210905	62727
15000	270	5510	8	130403	191463	61060
15000	90	5496	6	138895	195159	56264
15000	287	5464	7	152881	175315	22434
15000	245	5518	7	181253	201963	20710
15000	166	5507	6	150432	183366	32934
15000	169	5477	7	133659	162636	28977
15000	61	5578	7	151461	195034	43573
15000	190	5541	7	157953	202820	44867
15000	103	5490	7	173511	203978	30467
15000	212	5514	7	141329	179147	37818
15000	240	5537	6	131892	172890	40998
15000	43	5430	7	144795	191538	46743
15000	138	5562	7	187047	206011	18964
15000	142	5484	7	171582	176613	5031
15000	99	5521	7	171354	185120	13766
16000	106	5876	6	157225	221352	64127
16000	141	5893	6	161654	206100	44446
16000	51	5902	7	154847	209361	54514
16000	41	5885	8	160183	195611	35428
16000	25	5872	9	136033	241513	105480
16000	42	5873	8	153282	189760	36478
16000	93	5946	7	198923	218872	19949
16000	28	5944	7	153767	193612	39845
16000	100	5893	6	156059	220419	64360
16000	63	5870	7	165509	213986	48477
16000	184	5849	7	181053	230534	49481
16000	65	5924	8	174944	230596	55652
16000	61	5893	6	175300	194113	18813
16000	152	5804	9	136855	208039	71184
16000	52	5899	6	137078	198881	61803
16000	163	5915	7	161648	184494	22846
16000	106	5857	7	182034	199489	17455
16000	116	5948	7	170641	217886	47245
16000	285	5879	7	155325	195321	39996
16000	246	5933	7	161362	202487	41125
16000	76	5824	6	244221	277546	33325
16000	78	5898	7	140994	174538	33544
16000	136	5851	6	148206	210429	62223
16000	168	5915	7	155871	188605	32734
16000	203	5891	7	153031	176205	23174
16000	64	5891	6	171162	182434	11272
16000	234	5899	7	138018	182928	44910
16000	99	5861	6	200587	237018	36431
16000	205	5882	7	141675	183115	41440
16000	53	5935	6	162110	210278	48168
16000	379	5932	7	148420	174864	26444
16000	252	5917	7	177365	220057	42692
16000	132	5786	7	161775	230072	68297
16000	38	5871	6	149631	193511	43880
16000	120	5826	7	152360	216562	64202
16000	198	5807	6	156359	210816	54457
16000	251	5846	6	135853	187948	52095
16000	215	5938	8	150136	241426	91290
16000	97	5878	7	147188	178853	31665
16000	120	5900	7	152263	212206	59943
16000	165	5862	6	157248	175184	17936
16000	47	5903	7	152429	200541	48112
16000	53	5911	6	156567	192789	36222
16000	92	5879	7	211399	238449	27050
16000	138	5941	7	165824	195382	29558
16000	31	5879	7	149566	190924	41358
16000	116	5840	8	224836	228666	3830
16000	58	5899	7	154299	214326	60027
16000	187	5884	7	135302	241353	106051
16000	133	5925	7	159106	204457	45351
17000	167	6187	7	172449	197675	25226
17000	401	6334	8	190976	219178	28202
17000	139	6244	6	174989	199031	24042
17000	270	6279	8	170631	205667	35036
17000	133	6228	8	192472	203618	11146
17000	436	6226	7	156513	275594	119081
17000	72	6276	8	195426	214329	18903
17000	156	6264	8	194289	265158	70869
17000	348	6173	7	170679	221507	50828
17000	267	6241	7	162789	207506	44717
17000	149	6235	7	190383	252065	61682
17000	138	6306	7	183003	213466	30463
17000	25	6228	6	170259	199322	29063
17000	156	6352	7	160292	217331	57039
17000	201	6295	6	184714	196984	12270
17000	229	6166	7	163795	230833	67038
17000	111	6266	7	161647	202187	40540
17000	101	6293	7	209894	244824	34930
17000	242	6301	7	170574	196234	25660
17000	369	6154	7	182199	246749	64550
17000	237	6195	7	153768	216978	63210
17000	100	6195	8	189710	223780	34070
17000	76	6258	7	174748	233571	58823
17000	148	6281	7	188502	215329	26827
17000	40	6167	6	150636	231041	80405
17000	76	6273	7	231340	238891	7551
17000	209	6322	7	169490	182654	13164
17000	146	6222	7	147919	218031	70112
17000	88	6266	7	152382	215312	62930
17000	148	6251	7	171652	219304	47652
17000	128	6253	7	163938	196772	32834
17000	97	6206	7	149611	219460	69849
17000	112	6261	7	220506	262214	41708
17000	135	6244	7	154924	203032	48108
17000	131	6289	7	175978	231734	55756
17000	196	6264	7	187316	219373	32057
17000	93	6155	7	148912	205704	56792
17000	116	6264	7	181554	256706	75152
17000	39	6269	7	164568	192986	28418
17000	37	6292	7	157726	226770	69044
17000	177	6291	6	142716	180707	37991
17000	120	6264	8	187698	196614	8916
17000	161	6275	7	159883	189370	29487
17000	30	6279	7	173829	212293	38464
17000	32	6239	7	168229	235115	66886
17000	180	6326	7	168065	199078	31013
17000	182	6292	7	218845	232723	13878
17000	332	6247	7	178826	203142	24316
17000	183	6325	6	168603	201498	32895
17000	56	6233	9	168653	238215	69562
18000	97	6666	7	175210	242351	67141
18000	46	6592	7	185770	209173	23403
18000	310	6642	7	172586	230490	57904
18000	122	6567	7	179978	220382	40404
18000	168	6660	7	206089	229186	23097
18000	271	6630	7	158042	219870	61828
18000	155	6693	6	196768	202949	6181
18000	86	6624	7	185413	217785	32372
18000	146	6588	9	189025	284332	95307
18000	94	6582	7	210507	335814	125307
18000	115	6580	7	217223	281720	64497
18000	136	6603	6	209126	240540	31414
18000	127	6560	7	172685	268666	95981
18000	172	6647	7	162861	206066	43205
18000	371	6609	6	165595	245942	80347
18000	199	6616	6	178591	220911	42320
18000	369	6579	6	205911	227911	22000
18000	278	6625	7	156537	195251	38714
18000	132	6560	7	195981	223010	27029
18000	112	6622	8	171273	191568	20295
18000	97	6635	8	213712	249401	35689
18000	187	6613	7	200333	251660	51327
18000	123	6633	6	188412	243002	54590
18000	47	6729	7	188759	217501	28742
18000	208	6633	7	158109	211718	53609
18000	187	6662	7	174990	189198	14208
18000	224	6632	7	163657	193030	29373
18000	250	6606	7	192532	235584	43052
18000	74	6591	6	159446	199927	40481
18000	286	6654	7	152613	248710	96097
18000	112	6606	6	182499	245644	63145
18000	115	6574	7	170797	238922	68125
18000	330	6619	7	202059	270707	68648
18000	193	6571	9	160269	216805	56536
18000	107	6544	8	178889	232089	53200
18000	174	6686	7	212912	219910	6998
18000	297	6647	7	157291	236063	78772
18000	115	6614	6	219227	226493	7266
18000	88	6658	7	162619	216437	53818
18000	248	6651	6	168307	241512	73205
18000	210	6632	6	173818	251599	77781
18000	80	6660	7	197418	245533	48115
18000	83	6586	6	164487	202665	38178
18000	106	6622	6	189830	228135	38305
18000	25	6610	7	148819	217593	68774
18000	275	6601	7	176140	238274	62134
18000	109	6625	6	164429	236335	71906
18000	36	6624	7	169794	243962	74168
18000	363	6621	7	167054	271130	104076
18000	318	6657	6	160452	233605	73153
19000	161	7029	8	208142	266300	58158
19000	40	6953	8	209659	227822	18163
19000	236	7024	7	227582	255630	28048
19000	183	7026	7	223901	254615	30714
19000	33	7040	7	159309	211477	52168
19000	410	7014	6	182214	285132	102918
19000	126	6994	6	192333	234428	42095
19000	89	6989	8	214312	272732	58420
19000	125	7028	6	187901	210037	22136
19000	160	6930	7	175125	238160	63035
19000	74	7035	7	261707	290501	28794
19000	121	6962	6	177889	258206	80317
19000	109	6996	7	205037	237633	32596
19000	255	6971	7	170332	236875	66543
19000	240	6946	7	199177	232389	33212
19000	121	6923	6	196109	224388	28279
19000	148	6965	7	180745	225093	44348
19000	149	6968	7	201355	218619	17264
19000	268	6931	6	156453	210729	54276
19000	62	7064	6	207095	250503	43408
19000	116	7002	6	189423	263335	73912
19000	200	7008	6	202879	267679	64800
19000	144	6892	7	174052	268288	94236
19000	223	6999	7	207617	229298	21681
19000	145	6994	7	230618	251752	21134
19000	219	6985	7	238029	300266	62237
19000	15	6991	6	167636	231528	63892
19000	37	7073	7	205277	229862	24585
19000	193	6942	7	187407	258518	71111
19000	99	6945	6	160888	219728	58840
19000	121	6959	8	182200	218657	36457
19000	117	6967	7	202910	321404	118494
19000	68	7030	8	203129	241634	38505
19000	79	6967	9	218145	229796	11651
19000	327	6950	7	168637	240939	72302
19000	171	6973	7	231866	241715	9849
19000	124	7015	7	185709	208735	23026
19000	258	6969	7	183840	235479	51639
19000	272	7083	8	232579	285536	52957
19000	93	6988	7	178455	263059	84604
19000	28	6978	7	184120	251174	67054
19000	208	7043	7	186631	243353	56722
19000	178	6893	7	197287	225539	28252
19000	205	6993	7	200932	266799	65867
19000	129	6920	6	184855	260999	76144
19000	199	6948	7	213494	297876	84382
19000	252	6992	7	176407	226646	50239
19000	46	6990	7	205629	256754	51125
19000	142	6982	7	221410	223286	1876
19000	161	6982	7	184318	227062	42744
20000	166	7320	7	198374	239997	41623
20000	65	7316	8	195646	356632	160986
20000	245	7376	7	205844	290158	84314
20000	149	7379	7	183526	234031	50505
20000	166	7330	6	235732	255874	20142
20000	145	7364	8	196774	264277	67503
20000	94	7415	7	211835	281141	69306
20000	50	7313	7	187808	244893	57085
20000	172	7338	6	212824	260260	47436
20000	102	7343	7	261033	269002	7969
20000	120	7354	7	224376	249930	25554
20000	270	7314	7	191967	248432	56465
20000	171	7413	7	186363	269480	83117
20000	289	7261	8	181634	232911	51277
20000	72	7298	7	198847	254209	55362
20000	296	7371	7	227296	284421	57125
20000	211	7373	7	190445	238307	47862
20000	170	7335	7	191702	242241	50539
20000	138	7394	8	208899	234517	25618
20000	209	7325	6	179317	264099	84782
20000	180	7364	7	227530	297202	69672
20000	116	7316	7	213453	250323	36870
20000	214	7370	7	186679	239776	53097
20000	370	7335	7	183969	248464	64495
20000	249	7435	8	192656	252812	60156
20000	298	7359	7	193036	228993	35957
20000	379	7328	7	268580	297479	28899
20000	220	7295	7	182238	246229	63991
20000	260	7399	7	215907	243656	27749
20000	337	7399	6	222912	248896	25984
20000	265	7325	7	216608	278798	62190
20000	111	7311	6	177039	276389	99350
20000	62	7329	7	187219	336195	148976
20000	168	7302	7	218656	295851	77195
20000	323	7380	7	197577	236897	39320
20000	143	7372	7	202108	237316	35208
20000	369	7333	7	208800	252047	43247
20000	320	7293	7	313243	354663	41420
20000	184	7375	7	183571	290379	106808
20000	159	7416	7	207908	230558	22650
20000	255	7432	7	232434	315457	83023
20000	211	7414	6	180221	314027	133806
20000	222	7410	6	189329	298650	109321
20000	174	7405	8	194835	241944	47109
20000	91	7288	6	196204	235634	39430
20000	262	7379	8	203974	261699	57725
20000	125	7326	7	247357	249484	2127
20000	77	7335	7	255857	317202	61345
20000	205	7373	7	209114	266049	56935
20000	451	7358	7	218597	255615	37018
21000	273	7720	8	240493	289777	49284
21000	117	7829	7	207437	286163	78726
21000	328	7721	7	200071	263801	63730
21000	220	7695	7	203134	241605	38471
21000	171	7709	7	212381	268323	55942
21000	132	7711	7	177745	239040	61295
21000	225	7731	7	232167	253461	21294
21000	257	7684	7	194379	271269	76890
21000	202	7682	7	277971	284721	6750
21000	127	7772	8	220625	267230	46605
21000	132	7751	7	226814	339677	112863
21000	233	7719	8	265446	270406	4960
21000	187	7646	7	226976	338348	111372
21000	106	7790	8	187866	242544	54678
21000	396	7618	6	260160	272546	12386
21000	135	7735	6	260059	291927	31868
21000	77	7811	7	223774	280271	56497
21000	144	7690	7	246530	279170	32640
21000	258	7652	6	239127	268060	28933
21000	194	7713	10	175743	270805	95062
21000	140	7728	8	193004	278554	85550
21000	88	7738	7	210598	262568	51970
21000	164	7768	6	254394	254613	219
21000	282	7747	7	224591	238347	13756
21000	260	7621	7	212789	254249	41460
21000	245	7793	9	238062	261138	23076
21000	153	7747	7	201030	276181	75151
21000	38	7744	7	202693	283717	81024
21000	186	7718	7	287718	300320	12602
21000	56	7816	7	208594	265296	56702
21000	87	7695	6	264763	284266	19503
21000	183	7712	7	254301	277292	22991
21000	203	7719	7	267993	343906	75913
21000	325	7739	7	215112	307980	92868
21000	130	7817	7	244487	295531	51044
21000	117	7686	7	189971	265649	75678
21000	113	7650	7	247594	251363	3769
21000	126	7731	7	214242	273067	58825
21000	176	7727	7	242277	288610	46333
21000	211	7728	7	224767	274149	49382
21000	49	7809	7	242940	289173	46233
21000	65	7692	6	265723	269738	4015
21000	133	7812	6	240139	259644	19505
21000	44	7720	7	213228	248169	34941
21000	319	7687	7	217263	275006	57743
21000	146	7704	7	208323	244717	36394
21000	94	7694	7	186191	316425	130234
21000	113	7668	8	248573	282671	34098
21000	187	7764	6	193926	290114	96188
21000	384	7717	8	201695	276945	75250
22000	191	8084	6	196619	276090	79471
22000	26	7998	8	227413	290528	63115
22000	130	8016	7	213043	285004	71961
22000	75	8105	7	209944	314877	104933
22000	135	8054	7	238351	296499	58148
22000	175	8022	7	193984	347394	153410
22000	92	8138	8	215890	235144	19254
22000	47	8091	7	202264	260197	57933
22000	70	8123	7	280557	291881	11324
22000	359	8130	7	201075	272329	71254
22000	140	8108	7	241590	272205	30615
22000	154	8018	7	229083	261245	32162
22000	190	8087	8	214271	286128	71857
22000	245	8018	7	189345	299493	110148
22000	225	8087	7	263376	268560	5184
22000	365	8141	7	215566	327055	111489
22000	250	8162	7	209718	279287	69569
22000	296	8094	8	220150	288902	68752
22000	269	8071	6	219052	269247	50195
22000	195	8058	7	194839	236417	41578
22000	213	8062	6	220094	328824	108730
22000	202	8087	8	222172	312316	90144
22000	120	8063	6	224209	271635	47426
22000	133	8100	7	205867	253401	47534
22000	193	7996	6	288693	315800	27107
22000	261	8127	7	251013	379600	128587
22000	110	8059	7	221284	264846	43562
22000	264	8122	7	234608	258448	23840
22000	137	8104	7	240315	274733	34418
22000	249	8096	7	258887	287711	28824
22000	191	8024	6	212784	285673	72889
22000	175	8049	7	243823	285197	41374
22000	34	8090	8	217903	253984	36081
22000	154	8014	6	212149	255235	43086
22000	180	8081	7	262480	267961	5481
22000	223	8125	7	216794	237646	20852
22000	190	8126	7	216700	290718	74018
22000	354	8136	8	247860	269859	21999
22000	128	8091	8	227053	267550	40497
22000	244	8084	7	249238	360713	111475
22000	25	8097	6	204805	246399	41594
22000	115	8128	8	269810	305245	35435
22000	361	8039	7	267560	294459	26899
22000	120	8108	7	210107	251215	41108
22000	89	8086	8	232861	297969	65108
22000	229	8100	7	232259	347164	114905
22000	93	8116	7	238139	273326	35187
22000	328	8113	7	214437	281853	67416
22000	49	8099	6	233119	295505	62386
22000	226	8139	7	213821	259772	45951
23000	200	8432	7	215475	312660	97185
23000	229	8388	9	266858	292859	26001
23000	100	8493	7	281822	322195	40373
23000	76	8408	6	240763	291766	51003
23000	103	8344	7	285362	295516	10154
23000	143	8404	6	248887	303261	54374
23000	103	8431	6	240326	267948	27622
23000	58	8502	7	236971	293477	56506
23000	187	8486	7	200001	288824	88823
23000	164	8472	7	227823	307960	80137
23000	88	8471	7	218473	263530	45057
23000	289	8349	7	247022	286892	39870
23000	152	8414	6	319253	368690	49437
23000	148	8485	8	242038	312905	70867
23000	263	8567	7	275390	330097	54707
23000	182	8408	8	230821	335811	104990
23000	149	8496	8	219797	317510	97713
23000	134	8443	6	225213	280885	55672
23000	72	8432	7	329151	393949	64798
23000	137	8481	7	205471	271326	65855
23000	59	8347	7	223894	289480	65586
23000	222	8509	9	221687	303705	82018
23000	170	8339	7	294262	327197	32935
23000	304	8493	7	236622	347520	110898
23000	289	8400	8	229308	276989	47681
23000	128	8466	7	238465	329264	90799
23000	136	8424	6	276856	329002	52146
23000	113	8563	7	229869	299058	69189
23000	212	8451	9	220725	274652	53927
23000	113	8470	7	263037	316011	52974
23000	146	8501	7	231288	281010	49722
23000	276	8434	7	198161	293405	95244
23000	334	8435	7	217532	294086	76554
23000	309	8501	7	212242	304369	92127
23000	280	8402	7	238101	330940	92839
23000	389	8499	8	239421	321561	82140
23000	69	8465	8	230542	329230	98688
23000	116	8459	6	257738	277052	19314
23000	160	8514	7	259359	281327	21968
23000	131	8399	7	247731	272672	24941
23000	237	8541	7	197985	308106	110121
23000	306	8419	7	319713	351870	32157
23000	265	8536	7	303548	384554	81006
23000	180	8475	7	229079	262238	33159
23000	255	8452	6	205812	293041	87229
23000	161	8405	7	262476	357765	95289
23000	120	8500	7	222565	280174	57609
23000	331	8475	8	245890	269705	23815
23000	147	8474	7	261338	273890	12552
23000	166	8474	7	234423	281280	46857
24000	297	8768	6	268500	312062	43562
24000	96	8849	6	244761	363878	119117
24000	152	8874	8	272117	279580	7463
24000	60	8865	6	248056	344225	96169
24000	273	8863	7	311815	354954	43139
24000	207	8824	7	270675	371326	100651
24000	35	8858	9	287353	362181	74828
24000	339	8838	6	272970	319585	46615
24000	268	8800	6	274786	282179	7393
24000	156	8748	7	273549	336895	63346
24000	171	8739	6	263082	280419	17337
24000	407	8830	7	220918	297333	76415
24000	95	8777	6	216797	338779	121982
24000	174	8808	7	257989	302813	44824
24000	277	8788	7	239623	357817	118194
24000	268	8812	7	249096	354908	105812
24000	76	8856	7	309702	321582	11880
24000	122	8810	7	223195	269023	45828
24000	246	8835	7	226967	334897	107930
24000	320	8900	8	251259	261037	9778
24000	127	8898	8	261363	262826	1463
24000	166	8809	6	252797	340821	88024
24000	296	8767	7	220941	321138	100197
24000	147	8903	7	259220	312568	53348
24000	144	8827	7	284288	342401	58113
24000	266	8882	7	241761	289829	48068
24000	254	8816	9	237409	292526	55117
24000	315	8787	7	280667	328631	47964
24000	78	8825	6	266921	294941	28020
24000	146	8894	7	252721	256887	4166
24000	136	8810	8	266931	302509	35578
24000	117	8824	7	259628	326730	67102
24000	130	8864	8	239381	306837	67456
24000	205	8841	6	278778	284459	5681
24000	215	8860	6	241974	275393	33419
24000	343	8864	7	312246	333824	21578
24000	396	8895	7	243054	307796	64742
24000	168	8789	9	268064	367526	99462
24000	53	8783	7	238019	313324	75305
24000	366	8784	6	232631	328249	95618
24000	161	8833	7	215585	339129	123544
24000	125	8867	7	226318	268997	42679
24000	201	8747	7	240060	319079	79019
24000	299	8871	8	276888	339920	63032
24000	82	8815	7	262874	279961	17087
24000	235	8803	7	255052	314305	59253
24000	27	8870	8	310249	355635	45386
24000	54	8926	10	249445	272475	23030
24000	122	8827	7	226055	314827	88772
24000	156	8877	7	210640	354783	144143
25000	305	9314	7	283430	346381	62951
25000	257	9185	7	230277	306818	76541
25000	215	9225	7	308664	331291	22627
25000	59	9160	8	254834	319407	64573
25000	34	9203	8	258404	330043	71639
25000	207	9139	7	264993	349602	84609
25000	291	9275	8	267052	304616	37564
25000	280	9161	8	279530	314808	35278
25000	77	9141	8	297186	309045	11859
25000	76	9240	7	248112	301453	53341
25000	428	9134	7	280826	377902	97076
25000	183	9196	8	233176	361496	128320
25000	243	9235	7	254763	324209	69446
25000	329	9263	8	258442	331016	72574
25000	48	9255	7	276886	335766	58880
25000	89	9252	7	253588	299924	46336
25000	233	9207	8	302639	313308	10669
25000	210	9219	7	317321	336882	19561
25000	303	9272	7	295320	327413	32093
25000	243	9246	8	352746	385122	32376
25000	84	9191	8	241961	428033	186072
25000	126	9185	8	287677	398692	111015
25000	348	9250	7	313671	386901	73230
25000	101	9148	8	265677	360141	94464
25000	87	9278	7	260136	359443	99307
25000	93	9210	7	256032	297039	41007
25000	109	9306	8	321363	331325	9962
25000	209	9266	7	287548	351267	63719
25000	89	9200	7	283631	325164	41533
25000	246	9238	7	231168	332301	101133
25000	153	9270	7	321058	350894	29836
25000	332	9132	9	225682	315501	89819
25000	147	9157	7	261757	366891	105134
25000	177	9181	7	245248	311756	66508
25000	141	9271	7	217536	412775	195239
25000	248	9195	6	238766	308397	69631
25000	39	9251	9	286729	367503	80774
25000	182	9246	7	263989	332696	68707
25000	132	9220	7	264294	311310	47016
25000	149	9145	9	248076	309439	61363
25000	317	9181	7	266689	315230	48541
25000	326	9231	7	269150	320281	51131
25000	123	9181	8	307179	317290	10111
25000	184	9180	7	289937	307728	17791
25000	183	9202	7	256172	299166	42994
25000	83	9157	7	235852	371693	135841
25000	258	9121	7	254239	295683	41444
25000	170	9260	7	250236	301472	51236
25000	164	9243	8	277635	325977	48342
25000	349	9234	7	222360	303917	81557
26000	313	9614	7	282059	340409	58350
26000	194	9602	7	238000	363638	125638
26000	240	9537	6	282622	356470	73848
26000	67	9601	7	222516	321360	98844
26000	87	9608	7	256370	337403	81033
26000	267	9504	7	244325	312335	68010
26000	211	9489	8	258424	299515	41091
26000	106	9510	7	289599	358796	69197
26000	239	9616	7	254958	332075	77117
26000	195	9566	7	337503	364005	26502
26000	201	9541	8	244376	366680	122304
26000	79	9607	7	323720	392133	68413
26000	40	9509	7	235064	355460	120396
26000	270	9543	7	261807	350960	89153
26000	202	9510	6	290370	423095	132725
26000	115	9562	6	309048	344584	35536
26000	247	9656	8	245272	374127	128855
26000	137	9527	8	355878	450273	94395
26000	91	9620	7	295718	310596	14878
26000	229	9574	6	287238	319990	32752
26000	282	9445	8	324562	406815	82253
26000	159	9528	7	356181	362305	6124
26000	131	9599	8	296613	316592	19979
26000	245	9575	7	292931	363159	70228
26000	244	9551	7	290343	329129	38786
26000	270	9555	7	252112	375386	123274
26000	141	9575	7	284311	323016	38705
26000	195	9502	7	310495	349071	38576
26000	140	9538	8	265575	341874	76299
26000	244	9568	6	263449	324830	61381
26000	64	9569	6	267506	348807	81301
26000	99	9530	8	267460	373678	106218
26000	316	9540	6	233741	320084	86343
26000	358	9503	8	270838	339632	68794
26000	406	9554	8	287999	372611	84612
26000	448	9577	7	301436	345039	43603
26000	110	9510	6	311370	398150	86780
26000	195	9689	7	430518	448041	17523
26000	278	9552	7	282361	308544	26183
26000	130	9547	7	246175	303494	57319
26000	92	9538	7	343586	383066	39480
26000	273	9560	7	246527	346095	99568
26000	270	9559	6	256698	326306	69608
26000	65	9546	9	285797	353953	68156
26000	214	9664	6	313494	376829	63335
26000	105	9523	8	286378	350321	63943
26000	155	9539	7	274100	360942	86842
26000	320	9608	7	244670	373534	128864
26000	233	9570	6	283009	310418	27409
26000	304	9653	7	276652	404588	127936
27000	226	9929	9	252359	345194	92835
27000	255	10033	8	314203	340683	26480
27000	200	9910	7	251589	360390	108801
27000	170	10049	8	280598	321311	40713
27000	51	9937	7	343738	378982	35244
27000	309	9925	7	283374	357505	74131
27000	370	9940	8	348905	395693	46788
27000	70	9870	6	276416	312226	35810
27000	414	9876	7	264119	411605	147486
27000	67	9900	7	273957	349818	75861
27000	65	9900	7	283693	418170	134477
27000	173	9998	7	249007	375163	126156
27000	129	9892	7	317151	392976	75825
27000	41	9838	8	285044	411892	126848
27000	243	9926	8	260257	316681	56424
27000	86	9941	7	316373	331121	14748
27000	137	9940	7	323634	387825	64191
27000	134	9903	7	271537	384232	112695
27000	145	9860	7	334596	517414	182818
27000	163	9938	7	272638	392319	119681
27000	361	9842	6	314548	345975	31427
27000	340	9882	7	299959	316144	16185
27000	328	9941	7	290395	314661	24266
27000	355	9971	7	319196	355775	36579
27000	148	9810	8	314221	373194	58973
27000	105	9936	7	276950	383027	106077
27000	145	9926	7	249431	353622	104191
27000	159	9982	8	249362	368477	119115
27000	105	9834	6	277721	366225	88504
27000	110	9913	7	309902	376033	66131
27000	402	9825	7	289666	326054	36388
27000	133	9915	7	304693	388144	83451
27000	107	9900	7	254797	452364	197567
27000	226	9996	7	310626	373981	63355
27000	61	9947	7	327550	363179	35629
27000	245	9904	7	261327	323464	62137
27000	89	9882	7	236085	358639	122554
27000	126	9905	7	260934	330425	69491
27000	176	9888	8	305333	384774	79441
27000	255	9835	7	359262	373357	14095
27000	441	9891	8	282950	486313	203363
27000	157	9956	6	283107	337851	54744
27000	287	9973	7	240446	360196	119750
27000	326	9932	6	285881	365673	79792
27000	199	9860	7	303371	379278	75907
27000	307	9973	7	300786	357818	57032
27000	129	9869	7	266291	332973	66682
27000	74	9967	8	265481	329811	64330
27000	113	9896	7	297201	399658	102457
27000	246	9933	7	290489	382731	92242
28000	156	10265	7	321492	345237	23745
28000	241	10281	7	283989	347273	63284
28000	144	10294	8	287162	326861	39699
28000	328	10205	7	245946	335427	89481
28000	150	10431	7	297454	431344	133890
28000	108	10330	7	272098	337653	65555
28000	186	10343	8	277880	371281	93401
28000	372	10335	7	335140	365191	30051
28000	335	10326	8	329846	426371	96525
28000	151	10308	8	276413	347753	71340
28000	250	10287	7	293316	319969	26653
28000	51	10339	8	311505	514490	202985
28000	102	10270	7	294599	338145	43546
28000	128	10308	7	275049	368916	93867
28000	292	10354	7	290631	454742	164111
28000	346	10216	8	359912	458164	98252
28000	220	10267	7	257026	414308	157282
28000	96	10350	7	313700	348410	34710
28000	252	10339	7	297176	397747	100571
28000	223	10243	6	332874	367077	34203
28000	194	10274	7	317275	410441	93166
28000	120	10260	7	250218	356265	106047
28000	145	10307	7	281885	375927	94042
28000	259	10284	7	280453	355957	75504
28000	447	10300	7	315504	354669	39165
28000	158	10272	7	257007	379664	122657
28000	249	10220	8	339569	352958	13389
28000	292	10337	7	293932	348810	54878
28000	160	10262	8	279958	348008	68050
28000	84	10314	7	347490	423352	75862
28000	229	10380	9	273966	376437	102471
28000	315	10345	6	294419	370429	76010
28000	400	10342	7	322388	398181	75793
28000	235	10325	9	257054	371883	114829
28000	303	10327	7	270210	380872	110662
28000	66	10330	8	244604	330355	85751
28000	184	10330	7	267869	367150	99281
28000	223	10297	6	314146	374981	60835
28000	136	10220	7	312470	365910	53440
28000	104	10328	8	319819	345764	25945
28000	337	10216	7	323090	344785	21695
28000	224	10277	7	313449	380318	66869
28000	216	10268	8	295139	363460	68321
28000	120	10309	8	292829	358615	65786
28000	356	10248	7	285645	409116	123471
28000	336	10360	7	287630	373478	85848
28000	153	10249	7	283376	312305	28929
28000	64	10218	8	483425	493226	9801
28000	350	10226	7	339412	342834	3422
28000	204	10251	8	334558	397434	62876
29000	157	10697	7	297804	407336	109532
29000	115	10697	7	400166	441760	41594
29000	351	10663	9	290416	361786	71370
29000	89	10669	7	341446	398643	57197
29000	293	10715	7	343136	398144	55008
29000	302	10686	8	293331	405780	112449
29000	194	10723	7	293240	419481	126241
29000	194	10768	8	319147	397161	78014
29000	42	10597	8	264829	374904	110075
29000	252	10566	8	317273	377460	60187
29000	263	10699	7	382513	395281	12768
29000	377	10662	7	262906	361235	98329
29000	229	10642	7	333033	363186	30153
29000	302	10703	7	286175	398756	112581
29000	220	10710	7	327264	385231	57967
29000	135	10726	8	377803	411477	33674
29000	184	10690	8	317321	419785	102464
29000	40	10648	7	311424	370760	59336
29000	405	10617	8	279951	397623	117672
29000	183	10630	8	332243	414119	81876
29000	88	10571	6	288771	377837	89066
29000	218	10652	8	359667	442494	82827
29000	127	10648	8	296358	362646	66288
29000	87	10652	7	332590	392921	60331
29000	345	10641	8	330950	408497	77547
29000	172	10698	7	300429	421903	121474
29000	409	10691	7	307466	351735	44269
29000	218	10701	7	290781	436052	145271
29000	196	10827	7	334768	453065	118297
29000	235	10642	7	318145	345060	26915
29000	370	10663	7	264834	400628	135794
29000	11	10750	7	287713	343847	56134
29000	400	10673	8	348318	363106	14788
29000	108	10595	7	278561	342992	64431
29000	106	10595	7	336895	395522	58627
29000	127	10566	9	363813	460708	96895
29000	147	10656	8	315165	343785	28620
29000	328	10751	6	292599	394745	102146
29000	166	10616	7	329067	402227	73160
29000	390	10685	7	436304	456698	20394
29000	175	10892	7	253527	372181	118654
29000	308	10618	7	279430	387812	108382
29000	207	10716	7	338503	401312	62809
29000	194	10675	7	337614	354163	16549
29000	416	10537	7	321987	382899	60912
29000	181	10694	7	279709	457469	177760
29000	99	10735	8	287626	392466	104840
29000	183	10676	7	274765	373932	99167
29000	314	10713	7	422988	442231	19243
29000	223	10605	8	298320	463340	165020
30000	138	11128	7	275221	463910	188689
30000	206	11027	8	310798	429755	118957
30000	85	11060	7	307439	377265	69826
30000	223	11170	7	338040	376913	38873
30000	30	11016	8	282010	422933	140923
30000	66	11051	8	287222	441659	154437
30000	409	11115	7	266559	351660	85101
30000	92	11111	8	338917	404323	65406
30000	252	11028	7	289735	369418	79683
30000	200	11082	8	374238	410544	36306
30000	150	11107	7	347078	376821	29743
30000	241	11022	7	299733	400981	101248
30000	213	11005	8	371768	406906	35138
30000	314	10937	6	321270	457218	135948
30000	160	10946	8	390840	392568	1728
30000	262	11043	8	284295	426044	141749
30000	166	11001	7	300744	415157	114413
30000	338	11029	7	330407	422744	92337
30000	594	11074	7	501917	544107	42190
30000	134	11119	7	348482	371296	22814
30000	342	10999	7	308098	403491	95393
30000	213	11035	8	278104	455217	177113
30000	296	11057	8	290684	371449	80765
30000	152	11060	7	313770	383484	69714
30000	157	11134	8	314210	397019	82809
30000	142	11066	7	313859	389349	75490
30000	173	11006	7	342736	389081	46345
30000	110	10914	7	415309	468485	53176
30000	62	11061	6	390610	443280	52670
30000	206	11053	9	341592	410920	69328
30000	179	10988	7	291934	362345	70411
30000	121	11119	7	312208	425710	113502
30000	235	11012	8	311672	452407	140735
30000	366	11029	7	310997	423469	112472
30000	123	10999	8	347126	391231	44105
30000	99	11063	7	289612	408131	118519
30000	151	11055	7	306702	451933	145231
30000	418	11064	8	286376	407718	121342
30000	255	11000	7	291412	355054	63642
30000	172	10950	7	317209	432743	115534
30000	278	11036	8	401813	468110	66297
30000	130	10967	9	300060	399018	98958
30000	267	11046	7	395166	415410	20244
30000	792	10962	8	302474	416435	113961
30000	144	10942	7	345856	504719	158863
30000	207	11006	7	395945	464650	68705
30000	193	10984	7	300196	369098	68902
30000	339	11044	6	450261	461061	10800
30000	124	11011	7	300753	357915	57162
30000	195	11027	7	300593	371724	71131
31000	303	11435	9	289363	440388	151025
31000	178	11397	7	345307	405011	59704
31000	229	11399	8	428735	487164	58429
31000	118	11470	8	374317	390430	16113
31000	217	11408	7	384883	473946	89063
31000	179	11406	7	374487	410824	36337
31000	28	11437	7	369592	430491	60899
31000	27	11410	7	449168	467882	18714
31000	429	11355	7	320580	439337	118757
31000	363	11408	9	366790	401286	34496
31000	172	11328	7	302192	454182	151990
31000	104	11423	7	305091	392645	87554
31000	265	11404	7	355440	413099	57659
31000	216	11392	8	389838	429391	39553
31000	390	11404	7	373903	417964	44061
31000	79	11480	8	325974	415289	89315
31000	167	11454	7	334271	453046	118775
31000	79	11293	7	332665	432440	99775
31000	215	11377	8	355104	384834	29730
31000	199	11348	7	370962	433114	62152
31000	147	11367	9	270330	538633	268303
31000	255	11499	7	274154	439054	164900
31000	315	11395	7	329062	416035	86973
31000	205	11427	8	324823	357061	32238
31000	312	11439	6	300171	355859	55688
31000	227	11379	7	312790	383762	70972
31000	388	11495	8	362067	437350	75283
31000	220	11419	7	310973	354555	43582
31000	257	11422	7	342322	419348	77026
31000	105	11416	6	410478	465797	55319
31000	153	11426	7	358445	408826	50381
31000	206	11428	7	305164	354538	49374
31000	149	11491	8	306642	397068	90426
31000	77	11402	7	305169	374237	69068
31000	223	11488	7	304610	404539	99929
31000	338	11344	8	323657	539505	215848
31000	35	11413	7	366846	514253	147407
31000	249	11355	7	357912	397466	39554
31000	174	11519	7	340306	387094	46788
31000	316	11397	7	330719	441335	110616
31000	358	11508	7	373144	429154	56010
31000	248	11430	6	298313	358380	60067
31000	98	11453	7	289788	384907	95119
31000	299	11517	7	284933	388227	103294
31000	27	11438	7	344506	391553	47047
31000	201	11381	7	412681	572803	160122
31000	382	11381	7	432318	524346	92028
31000	214	11367	7	333165	497307	164142
31000	313	11428	6	490852	506983	16131
31000	420	11371	7	305685	396900	91215
32000	253	11806	7	371370	398487	27117
32000	284	11724	7	331922	372511	40589
32000	433	11700	7	381595	525218	143623
32000	190	11742	7	415947	459975	44028
32000	245	11759	7	353065	406791	53726
32000	324	11880	7	384780	423711	38931
32000	127	11754	8	338800	392294	53494
32000	178	11726	8	349570	449108	99538
32000	265	11756	8	446871	502169	55298
32000	73	11688	8	343457	403964	60507
32000	108	11781	7	427064	566640	139576
32000	37	11814	7	348262	438473	90211
32000	390	11786	7	336450	416487	80037
32000	268	11774	7	328565	416837	88272
32000	312	11776	7	370204	487996	117792
32000	270	11831	7	379278	473211	93933
32000	191	11901	6	369708	461146	91438
32000	301	11804	8	361191	411007	49816
32000	352	11759	7	373429	415812	42383
32000	663	11770	8	354886	481974	127088
32000	330	11775	7	375520	429260	53740
32000	169	11746	7	366580	403538	36958
32000	252	11797	7	396752	456714	59962
32000	220	11607	7	324377	498576	174199
32000	301	11849	8	348255	418428	70173
32000	301	11842	8	299946	431797	131851
32000	146	11684	7	358332	403768	45436
32000	316	11835	7	380029	449210	69181
32000	76	11823	7	397751	453205	55454
32000	70	11780	8	413964	425392	11428
32000	222	11792	8	294873	402766	107893
32000	59	11769	8	357262	446787	89525
32000	156	11833	8	341448	405928	64480
32000	185	11705	7	358212	417596	59384
32000	303	11691	7	352536	425163	72627
32000	198	11801	7	331592	403174	71582
32000	6	11698	7	320216	444509	124293
32000	203	11772	7	290033	436516	146483
32000	267	11748	8	364803	420581	55778
32000	482	11783	7	307066	450692	143626
32000	55	11817	7	344422	410113	65691
32000	206	11728	8	365396	415743	50347
32000	24	11735	7	350278	409667	59389
32000	143	11827	7	326811	424016	97205
32000	291	11790	8	339433	424160	84727
32000	494	11718	7	331060	418690	87630
32000	340	11731	7	310334	401378	91044
32000	122	11825	7	374185	514510	140325
32000	308	11783	8	419068	521488	102420
32000	442	11781	7	286190	407525	121335
33000	483	12157	7	331765	493494	161729
33000	155	12102	7	399450	524859	125409
33000	236	12160	