3.04;3.04;3.12;3.28;3.12;3.04;2.96;2.48;2.88;3.04;3.04;3.36;3.28;3.04;3.04;3.36;3.04;2.96;3.12;2.48;3.12;3.2;3.2;3.6;2.96;3.44;3.28;3.36;3.04;2.88;3.12;2.96;2.96;3.2;3.12;2.96;2.96;2.64;2.48;3.12;3.12;3.04;3.36;2.64;2.88;3.36;3.44;3.12;3.28;3.28;
3.08;3.32;3.04;2.84;3.28;3.32;3.12;3.2;3.36;3.24;3.28;3.04;3.16;3.28;3.08;3.2;3.36;3.28;3.12;3.16;3.36;2.96;3.08;3.04;2.88;3.0;3.0;3.08;3.08;2.88;3.0;3.2;3.0;2.96;3.44;3.04;2.96;3.28;3.24;3.28;3.28;3.2;2.92;3.44;3.16;2.92;2.96;3.16;3.04;3.28;
3.2266666666666666;3.28;3.28;3.04;2.9066666666666667;3.1733333333333333;3.04;3.1733333333333333;3.12;3.04;3.12;2.88;3.12;2.986666666666667;3.2;3.0933333333333333;3.1466666666666665;3.1466666666666665;3.12;3.2;3.0933333333333333;3.3866666666666667;3.12;2.986666666666667;3.12;3.2;3.12;3.28;3.28;3.12;3.2533333333333334;3.2533333333333334;3.2;3.3066666666666666;3.2266666666666666;3.1466666666666665;3.013333333333333;3.2;3.3866666666666667;3.0933333333333333;3.28;3.2;3.2266666666666666;3.12;3.12;3.04;3.2533333333333334;3.1466666666666665;3.12;3.2533333333333334;
3.2;3.16;3.16;3.14;3.04;3.06;3.34;3.18;3.12;3.26;2.84;3.22;3.06;3.06;3.24;3.32;3.26;3.1;3.0;3.34;3.02;2.9;3.14;2.96;3.3;2.96;2.96;3.1;3.26;3.2;3.22;3.2;3.38;3.06;3.22;3.2;3.08;3.16;3.06;3.38;3.12;2.98;3.16;3.28;3.14;3.02;3.12;3.18;3.14;3.3;
3.104;3.2;3.216;3.136;2.992;3.2;3.184;3.328;3.216;3.264;3.12;3.04;3.264;3.184;3.072;3.184;3.04;2.88;3.296;3.072;3.248;3.216;3.104;3.2;3.056;3.008;3.12;3.088;3.168;3.296;3.376;3.184;3.008;3.152;3.088;3.168;2.96;3.328;3.2;3.152;2.896;3.12;3.056;3.152;2.992;3.04;2.976;3.168;3.264;3.312;
3.1866666666666665;3.04;3.12;3.1466666666666665;3.1866666666666665;3.066666666666667;3.12;3.2533333333333334;3.04;3.2266666666666666;2.9466666666666668;3.24;3.2933333333333334;3.12;3.1066666666666665;3.1066666666666665;3.1466666666666665;3.2133333333333334;3.1466666666666665;2.973333333333333;2.986666666666667;3.1066666666666665;2.88;3.08;2.973333333333333;3.2266666666666666;3.2;3.0933333333333333;3.2933333333333334;3.1066666666666665;3.3066666666666666;3.1066666666666665;3.1866666666666665;3.24;3.3333333333333335;3.0533333333333332;3.1333333333333333;2.9466666666666668;3.1866666666666665;3.013333333333333;3.08;3.026666666666667;3.2;3.1066666666666665;3.2666666666666666;3.16;3.0933333333333333;3.1466666666666665;3.1333333333333333;2.986666666666667;
3.085714285714286;3.222857142857143;3.097142857142857;3.165714285714286;3.0628571428571427;3.2114285714285713;3.1542857142857144;3.1885714285714286;3.04;3.1085714285714285;3.1314285714285712;3.2457142857142856;3.2342857142857144;3.1085714285714285;3.04;3.1542857142857144;3.2;3.177142857142857;3.142857142857143;3.085714285714286;3.142857142857143;3.2;3.0171428571428573;3.1542857142857144;3.165714285714286;2.9714285714285715;3.165714285714286;3.0171428571428573;3.097142857142857;3.177142857142857;3.1085714285714285;3.085714285714286;3.222857142857143;3.04;3.12;3.097142857142857;3.28;3.1085714285714285;3.382857142857143;3.0742857142857143;3.04;3.1542857142857144;3.142857142857143;3.1542857142857144;3.1085714285714285;3.177142857142857;3.0285714285714285;3.302857142857143;3.165714285714286;3.2914285714285714;
3.09;2.99;3.15;3.26;3.19;3.19;3.16;3.18;3.2;3.13;3.02;3.1;3.15;3.14;3.11;3.14;3.11;3.1;3.23;3.2;3.13;3.17;3.12;3.25;3.17;3.12;3.09;3.24;3.12;3.13;3.13;3.16;3.04;3.22;3.08;3.22;3.14;3.28;3.12;3.12;3.19;3.05;3.23;3.11;2.95;3.08;3.16;3.21;3.11;3.18;
3.0844444444444443;3.0933333333333333;3.048888888888889;3.2533333333333334;3.1733333333333333;3.102222222222222;3.3422222222222224;3.137777777777778;3.0933333333333333;3.1555555555555554;3.1911111111111112;3.1466666666666665;3.102222222222222;3.0755555555555554;3.1555555555555554;3.1644444444444444;3.0844444444444443;3.137777777777778;3.2622222222222224;2.9955555555555557;3.12;3.04;3.128888888888889;3.12;3.2177777777777776;3.0755555555555554;3.048888888888889;3.04;3.1466666666666665;3.1822222222222223;3.102222222222222;3.137777777777778;3.137777777777778;3.1733333333333333;3.111111111111111;3.057777777777778;3.1466666666666665;3.102222222222222;3.1733333333333333;3.2355555555555555;3.1644444444444444;3.1644444444444444;3.137777777777778;3.04;3.128888888888889;3.0755555555555554;3.1466666666666665;3.2088888888888887;3.0933333333333333;3.12;
3.056;3.224;3.112;3.288;3.088;3.168;3.128;3.24;3.112;3.12;3.152;3.016;3.152;3.216;3.2;3.128;3.064;3.152;3.232;3.256;2.928;3.168;3.016;3.128;3.16;3.128;3.112;3.104;3.28;3.024;3.272;3.216;3.104;3.048;3.256;3.136;3.112;3.104;3.304;3.128;3.08;3.184;3.104;3.08;3.048;3.168;3.208;3.096;3.216;3.184;
3.229090909090909;3.170909090909091;3.1272727272727274;3.178181818181818;3.061818181818182;3.2;3.1563636363636363;3.0836363636363635;2.981818181818182;3.1345454545454547;3.0836363636363635;3.0836363636363635;3.1636363636363636;3.098181818181818;3.076363636363636;3.1345454545454547;3.1345454545454547;3.1563636363636363;3.1054545454545455;3.1272727272727274;3.090909090909091;3.178181818181818;3.2581818181818183;3.090909090909091;3.229090909090909;3.1054545454545455;3.2145454545454544;3.149090909090909;3.1054545454545455;3.112727272727273;3.178181818181818;3.1345454545454547;3.112727272727273;3.2145454545454544;3.069090909090909;3.1563636363636363;3.12;3.1418181818181816;3.1054545454545455;3.112727272727273;3.1345454545454547;3.149090909090909;3.170909090909091;3.090909090909091;3.149090909090909;3.0545454545454547;3.098181818181818;3.1563636363636363;3.076363636363636;3.2436363636363637;
3.22;3.066666666666667;3.1866666666666665;3.1466666666666665;3.0933333333333333;3.1333333333333333;3.2;3.14;3.1666666666666665;2.966666666666667;3.1933333333333334;3.0933333333333333;3.006666666666667;3.22;3.2133333333333334;3.0866666666666664;3.0866666666666664;3.2133333333333334;3.16;3.1266666666666665;3.0533333333333332;3.1133333333333333;3.0866666666666664;3.2666666666666666;3.1466666666666665;3.1866666666666665;3.0533333333333332;3.0733333333333333;3.066666666666667;3.1733333333333333;3.18;3.1066666666666665;3.1733333333333333;3.0;3.0866666666666664;3.033333333333333;3.3;3.2;3.1466666666666665;3.1333333333333333;3.16;3.2533333333333334;3.1;3.1733333333333333;3.1266666666666665;3.1733333333333333;3.1266666666666665;3.1866666666666665;3.1266666666666665;3.2;
3.0892307692307694;3.212307692307692;3.04;3.1753846153846155;3.1815384615384614;3.0892307692307694;3.206153846153846;3.1323076923076925;3.0707692307692307;2.9784615384615383;3.193846153846154;3.1138461538461537;3.0584615384615383;3.12;3.212307692307692;3.0892307692307694;3.0892307692307694;3.0584615384615383;3.1384615384615384;3.2246153846153844;3.187692307692308;3.126153846153846;3.206153846153846;3.1753846153846155;3.2;3.187692307692308;3.1138461538461537;3.12;3.212307692307692;3.0646153846153847;3.1384615384615384;3.212307692307692;3.193846153846154;3.1815384615384614;3.1076923076923078;3.1507692307692308;3.1815384615384614;3.1015384615384614;3.187692307692308;3.083076923076923;3.1138461538461537;3.0215384615384617;2.9723076923076923;3.163076923076923;3.193846153846154;3.126153846153846;3.206153846153846;3.076923076923077;3.0646153846153847;3.1138461538461537;
3.222857142857143;3.262857142857143;3.1942857142857144;3.142857142857143;3.16;3.2114285714285713;3.137142857142857;3.137142857142857;3.1142857142857143;3.0914285714285716;3.1085714285714285;3.177142857142857;3.0514285714285716;3.1885714285714286;3.1085714285714285;3.1942857142857144;3.08;3.125714285714286;3.1142857142857143;3.182857142857143;3.2285714285714286;3.182857142857143;3.2457142857142856;3.1714285714285713;3.1485714285714286;3.165714285714286;3.165714285714286;3.1142857142857143;3.0685714285714285;3.125714285714286;3.0171428571428573;3.097142857142857;3.1028571428571428;3.0914285714285716;3.0914285714285716;3.137142857142857;3.2342857142857144;3.1542857142857144;3.097142857142857;3.1942857142857144;3.2114285714285713;3.057142857142857;3.125714285714286;3.177142857142857;3.262857142857143;3.057142857142857;3.1714285714285713;3.222857142857143;3.125714285714286;3.222857142857143;
3.104;3.050666666666667;3.152;3.1413333333333333;3.1146666666666665;3.1306666666666665;3.1413333333333333;3.0933333333333333;3.088;3.066666666666667;3.1093333333333333;3.04;3.1626666666666665;3.088;3.008;3.056;3.072;3.1093333333333333;3.1306666666666665;3.066666666666667;3.088;3.1733333333333333;3.056;3.184;3.168;3.050666666666667;3.1573333333333333;3.168;3.12;3.1093333333333333;3.2213333333333334;3.082666666666667;3.034666666666667;3.088;3.168;3.072;3.1573333333333333;3.184;3.2586666666666666;3.1093333333333333;3.1253333333333333;3.1733333333333333;3.1786666666666665;3.136;3.216;3.2533333333333334;3.2053333333333334;3.1573333333333333;3.152;3.1146666666666665;
3.075;3.15;3.185;3.255;3.225;3.17;2.98;3.145;3.08;3.095;3.125;3.17;3.025;3.06;3.06;3.19;3.07;3.07;3.16;3.145;3.225;3.135;3.135;3.2;3.195;3.145;3.155;3.115;3.205;3.11;3.16;3.14;3.075;3.035;3.075;3.145;3.08;3.185;3.19;3.175;3.085;3.07;3.17;3.13;3.025;3.205;3.14;3.18;3.12;3.14;
3.011764705882353;3.091764705882353;3.1623529411764704;3.1388235294117646;3.0447058823529414;3.1058823529411765;3.2141176470588237;3.152941176470588;3.2;3.12;3.1811764705882353;3.176470588235294;3.143529411764706;3.1058823529411765;3.0541176470588236;3.1482352941176472;3.171764705882353;3.1341176470588237;3.1905882352941175;3.1482352941176472;3.232941176470588;3.1858823529411766;3.2470588235294118;3.152941176470588;3.143529411764706;3.1058823529411765;3.1388235294117646;3.1152941176470588;3.0494117647058823;3.1670588235294117;3.1905882352941175;3.171764705882353;3.195294117647059;3.1294117647058823;3.2423529411764704;3.1623529411764704;3.1105882352941174;3.1858823529411766;3.204705882352941;3.1341176470588237;3.0870588235294116;3.0964705882352943;3.1388235294117646;3.223529411764706;3.1294117647058823;3.1623529411764704;3.1858823529411766;3.101176470588235;3.0494117647058823;3.1576470588235295;
3.1777777777777776;3.1244444444444444;3.097777777777778;3.1777777777777776;3.1555555555555554;3.1911111111111112;3.062222222222222;3.137777777777778;3.048888888888889;3.16;3.088888888888889;3.0844444444444443;3.2755555555555556;3.24;3.2488888888888887;3.1866666666666665;3.2044444444444444;3.168888888888889;3.12;3.111111111111111;3.2;3.151111111111111;3.137777777777778;3.1555555555555554;3.0933333333333333;3.1777777777777776;3.1955555555555555;3.2311111111111113;3.1422222222222222;3.062222222222222;3.2577777777777777;3.16;3.1733333333333333;3.1244444444444444;3.1422222222222222;3.057777777777778;3.151111111111111;3.1822222222222223;3.2044444444444444;3.1155555555555554;3.168888888888889;3.1644444444444444;3.111111111111111;3.1422222222222222;3.2133333333333334;3.013333333333333;3.0933333333333333;3.137777777777778;3.1244444444444444;3.1911111111111112;
3.1621052631578945;3.132631578947368;3.221052631578947;3.1957894736842105;3.132631578947368;3.166315789473684;3.0736842105263156;3.136842105263158;3.0989473684210527;3.048421052631579;3.174736842105263;3.132631578947368;3.086315789473684;3.1621052631578945;3.1957894736842105;3.0778947368421052;3.0778947368421052;3.1452631578947368;3.0778947368421052;3.1073684210526316;3.094736842105263;3.1621052631578945;3.1410526315789475;3.031578947368421;3.1157894736842104;3.1957894736842105;3.094736842105263;3.225263157894737;3.094736842105263;3.1157894736842104;3.136842105263158;3.0778947368421052;3.1621052631578945;3.183157894736842;3.128421052631579;3.1536842105263156;3.094736842105263;3.048421052631579;3.128421052631579;3.1157894736842104;3.2;3.258947368421053;3.12;3.2378947368421054;3.2;3.174736842105263;3.132631578947368;3.183157894736842;3.1536842105263156;3.166315789473684;
3.08;3.152;3.14;3.196;3.068;3.12;3.116;3.124;3.224;3.124;3.22;3.136;3.168;3.184;3.12;3.132;3.184;3.12;3.148;3.216;3.128;3.108;3.096;3.2;3.076;3.16;3.164;3.2;3.06;3.228;3.212;3.068;3.22;3.056;3.216;3.116;3.156;3.236;3.1;3.164;3.08;3.176;3.092;3.12;3.032;3.14;3.172;3.18;3.192;3.176;
3.1619047619047618;3.222857142857143;3.1352380952380954;3.078095238095238;3.1123809523809522;3.097142857142857;3.0438095238095237;3.1085714285714285;3.12;3.2266666666666666;3.0933333333333333;3.139047619047619;3.1161904761904764;3.1542857142857144;3.0895238095238096;3.1161904761904764;3.1809523809523808;3.078095238095238;3.142857142857143;3.139047619047619;3.1466666666666665;3.184761904761905;3.1085714285714285;3.097142857142857;3.184761904761905;3.241904761904762;3.1504761904761907;3.165714285714286;3.139047619047619;3.1695238095238096;3.0933333333333333;3.1695238095238096;3.0819047619047617;3.158095238095238;3.1123809523809522;3.1619047619047618;3.1923809523809523;3.2266666666666666;3.158095238095238;3.1733333333333333;3.238095238095238;3.085714285714286;3.12;3.241904761904762;3.196190476190476;3.1123809523809522;3.104761904761905;3.260952380952381;3.100952380952381;3.12;
3.1854545454545455;3.061818181818182;3.0327272727272727;3.109090909090909;3.1672727272727275;3.1163636363636362;3.2181818181818183;3.1854545454545455;3.08;3.1236363636363635;3.152727272727273;3.1236363636363635;3.109090909090909;3.0727272727272728;3.149090909090909;3.178181818181818;3.192727272727273;3.109090909090909;3.1745454545454543;3.1454545454545455;3.138181818181818;3.170909090909091;3.2145454545454544;3.1236363636363635;3.098181818181818;3.101818181818182;3.0254545454545454;3.1454545454545455;3.0945454545454547;3.149090909090909;3.1272727272727274;3.1563636363636363;3.178181818181818;3.130909090909091;3.1272727272727274;3.1636363636363636;3.1054545454545455;3.12;3.207272727272727;3.1236363636363635;3.101818181818182;3.12;3.1745454545454543;3.149090909090909;3.170909090909091;3.0727272727272728;3.109090909090909;3.0654545454545454;3.1854545454545455;3.2145454545454544;
3.074782608695652;3.1443478260869564;3.168695652173913;3.2556521739130435;3.123478260869565;3.123478260869565;3.1478260869565218;3.1339130434782607;3.2313043478260868;3.2243478260869565;3.1443478260869564;3.088695652173913;3.1408695652173915;3.130434782608696;3.057391304347826;3.186086956521739;3.1582608695652175;3.1269565217391304;3.102608695652174;3.1652173913043478;3.102608695652174;3.28;3.102608695652174;3.172173913043478;3.1408695652173915;3.1408695652173915;3.168695652173913;3.2243478260869565;3.210434782608696;3.1269565217391304;3.172173913043478;3.168695652173913;3.2;3.0782608695652174;3.1895652173913045;3.179130434782609;3.151304347826087;3.0956521739130434;3.1408695652173915;3.151304347826087;3.1339130434782607;3.186086956521739;3.1095652173913044;3.1269565217391304;3.130434782608696;3.161739130434783;3.1095652173913044;3.168695652173913;3.1895652173913045;3.12;
3.1333333333333333;3.1166666666666667;3.12;3.1266666666666665;3.1;3.1233333333333335;3.13;3.1533333333333333;3.0533333333333332;3.223333333333333;3.1333333333333333;3.1666666666666665;3.0566666666666666;3.0533333333333332;3.0566666666666666;3.1466666666666665;3.18;3.0966666666666667;3.183333333333333;3.1433333333333335;3.0866666666666664;3.1033333333333335;3.16;3.216666666666667;3.0566666666666666;3.1166666666666667;3.1566666666666667;3.1766666666666667;3.13;3.16;3.1733333333333333;3.1533333333333333;3.13;3.066666666666667;3.1466666666666665;3.1566666666666667;3.05;3.0633333333333335;3.1966666666666668;3.1566666666666667;3.18;3.1233333333333335;3.1533333333333333;3.0733333333333333;3.11;3.1533333333333333;3.1466666666666665;3.1033333333333335;3.2;3.1533333333333333;
3.1456;3.1072;3.1552;3.0528;3.0848;3.1552;3.1008;3.232;3.1808;3.0976;3.1712;3.1072;3.1168;3.136;3.1264;3.1424;3.2;3.1424;3.136;3.1296;3.1904;3.1168;3.0688;3.168;3.184;3.1968;3.152;3.0688;3.1776;3.152;3.1648;3.1456;3.1136;3.2096;3.1072;3.1296;3.1456;3.1296;3.1552;3.1744;3.136;3.2608;3.1264;3.1712;3.1552;3.1008;3.0912;3.0848;3.1712;3.1232;
3.1753846153846155;3.209230769230769;3.166153846153846;3.1076923076923078;3.16;3.16;3.206153846153846;3.16;3.1076923076923078;3.193846153846154;3.193846153846154;3.187692307692308;3.243076923076923;3.1969230769230768;3.144615384615385;3.1323076923076925;3.126153846153846;3.144615384615385;3.1507692307692308;3.116923076923077;3.230769230769231;3.1415384615384614;3.1323076923076925;3.1046153846153848;3.1784615384615384;3.1015384615384614;3.0953846153846154;3.129230769230769;3.129230769230769;3.1569230769230767;3.123076923076923;3.1107692307692307;3.1753846153846155;3.0492307692307694;3.163076923076923;3.0338461538461536;3.169230769230769;3.083076923076923;3.1569230769230767;3.129230769230769;3.12;3.1723076923076925;3.169230769230769;3.0738461538461537;3.1784615384615384;3.1384615384615384;3.1969230769230768;3.1107692307692307;3.076923076923077;3.230769230769231;
3.122962962962963;3.1792592592592595;3.0903703703703704;3.066666666666667;3.1437037037037037;3.102222222222222;3.111111111111111;3.0844444444444443;3.140740740740741;3.114074074074074;3.14962962962963;3.1733333333333333;3.14962962962963;3.1703703703703705;3.111111111111111;3.048888888888889;3.2385185185185184;3.176296296296296;3.0933333333333333;3.0874074074074076;3.1614814814814816;3.1259259259259258;3.114074074074074;3.185185185185185;3.096296296296296;3.122962962962963;3.0814814814814815;3.185185185185185;3.2177777777777776;3.2177777777777776;3.12;3.117037037037037;3.0637037037037036;3.202962962962963;3.1437037037037037;3.1555555555555554;3.0874074074074076;3.1555555555555554;3.205925925925926;3.1466666666666665;3.1733333333333333;3.0874074074074076;3.1437037037037037;3.211851851851852;3.1703703703703705;3.176296296296296;3.0992592592592594;3.1792592592592595;3.1081481481481483;3.1792592592592595;
3.1342857142857143;3.157142857142857;3.145714285714286;3.077142857142857;3.111428571428571;3.077142857142857;3.1514285714285712;3.14;3.0885714285714285;3.097142857142857;3.2085714285714286;3.0828571428571427;3.111428571428571;3.077142857142857;3.085714285714286;3.1942857142857144;3.177142857142857;3.117142857142857;3.16;3.16;3.12;3.145714285714286;3.1142857142857143;3.182857142857143;3.12;3.1857142857142855;3.125714285714286;3.1142857142857143;3.145714285714286;3.1342857142857143;3.1514285714285712;3.077142857142857;3.165714285714286;3.0685714285714285;3.1685714285714286;3.177142857142857;3.1314285714285712;3.0828571428571427;3.08;3.14;3.1228571428571428;3.1314285714285712;3.1742857142857144;3.197142857142857;3.165714285714286;3.1342857142857143;3.1742857142857144;3.237142857142857;3.1742857142857144;3.125714285714286;
3.1751724137931037;3.1641379310344826;3.0372413793103448;3.197241379310345;3.1558620689655172;3.12;3.067586206896552;3.166896551724138;3.106206896551724;3.1613793103448278;3.089655172413793;3.1558620689655172;3.1613793103448278;3.1503448275862067;3.1586206896551725;3.230344827586207;3.202758620689655;3.1724137931034484;3.1558620689655172;3.1586206896551725;3.053793103448276;3.1006896551724137;3.1724137931034484;3.1558620689655172;3.1779310344827585;3.1558620689655172;3.1227586206896554;3.089655172413793;3.1144827586206896;3.1448275862068966;3.1751724137931037;3.0951724137931036;3.1751724137931037;3.153103448275862;3.166896551724138;3.1282758620689655;3.1144827586206896;3.0979310344827584;3.136551724137931;3.1503448275862067;3.106206896551724;3.0924137931034483;3.2413793103448274;3.073103448275862;3.103448275862069;3.136551724137931;3.1558620689655172;3.1006896551724137;3.1448275862068966;3.1227586206896554;
3.1546666666666665;3.128;3.1333333333333333;3.1466666666666665;3.2266666666666666;3.12;3.2266666666666666;3.12;3.0906666666666665;3.1226666666666665;3.026666666666667;3.1413333333333333;3.128;3.1653333333333333;3.1253333333333333;3.1066666666666665;3.1973333333333334;3.1306666666666665;3.08;3.1733333333333333;3.136;3.0773333333333333;3.0773333333333333;3.1386666666666665;3.2186666666666666;3.1253333333333333;3.074666666666667;3.1786666666666665;3.032;3.0773333333333333;3.1546666666666665;3.12;3.088;3.1226666666666665;3.0986666666666665;3.112;3.042666666666667;3.16;3.08;3.176;3.1626666666666665;3.1573333333333333;3.1706666666666665;3.1706666666666665;3.2266666666666666;3.0986666666666665;3.1706666666666665;3.1013333333333333;3.096;3.2213333333333334;
3.1148387096774193;3.1225806451612903;3.0787096774193548;3.2103225806451614;3.1458064516129034;3.1638709677419357;3.127741935483871;3.225806451612903;3.174193548387097;3.0606451612903225;3.04;3.256774193548387;3.2025806451612904;3.181935483870968;3.161290322580645;3.0529032258064515;3.127741935483871;3.174193548387097;3.2103225806451614;3.1174193548387095;3.101935483870968;3.04;3.1251612903225805;3.1174193548387095;3.099354838709677;3.1380645161290324;3.1225806451612903;3.181935483870968;3.0683870967741935;3.094193548387097;3.1483870967741936;3.1458064516129034;3.1793548387096773;3.1174193548387095;3.1225806451612903;3.161290322580645;3.153548387096774;3.127741935483871;3.2180645161290324;3.1716129032258062;3.1561290322580646;3.086451612903226;3.150967741935484;3.166451612903226;3.1354838709677417;3.112258064516129;3.1251612903225805;3.1458064516129034;3.112258064516129;3.249032258064516;
3.145;3.055;3.135;3.14;3.215;3.145;3.1775;3.1025;3.11;3.175;3.1525;3.145;3.1625;3.155;3.115;3.05;3.1525;3.1075;3.0575;3.15;3.1375;3.0775;3.1225;3.155;3.1375;3.15;3.14;3.18;3.1525;3.1575;3.21;3.0975;3.1675;3.195;3.0825;3.14;3.1525;3.19;3.1075;3.1375;3.195;3.17;3.2;3.1025;3.1375;3.1225;3.105;3.105;3.15;3.195;
3.166060606060606;3.1418181818181816;3.1321212121212123;3.1418181818181816;3.0739393939393937;3.1636363636363636;3.090909090909091;3.04;3.166060606060606;3.136969696969697;3.136969696969697;3.0933333333333333;3.103030303030303;3.1975757575757577;3.1636363636363636;3.12969696969697;3.1103030303030303;3.1151515151515152;3.0884848484848484;3.233939393939394;3.166060606060606;3.187878787878788;3.107878787878788;3.1806060606060607;3.112727272727273;3.178181818181818;3.1418181818181816;3.144242424242424;3.1321212121212123;3.1321212121212123;3.12969696969697;3.1466666666666665;3.1636363636363636;3.0957575757575757;3.1684848484848485;3.044848484848485;3.1054545454545455;3.1563636363636363;3.1515151515151514;3.216969696969697;3.153939393939394;3.1272727272727274;3.061818181818182;3.170909090909091;3.1854545454545455;3.149090909090909;3.1684848484848485;3.153939393939394;3.103030303030303;3.2024242424242426;
3.112941176470588;3.1670588235294117;3.0752941176470587;3.16;3.12;3.1905882352941175;3.12;3.16;3.1223529411764708;3.1576470588235295;3.1694117647058824;3.1411764705882352;3.204705882352941;3.131764705882353;3.143529411764706;3.2070588235294117;3.171764705882353;3.108235294117647;3.1105882352941174;3.2211764705882353;3.0588235294117645;3.108235294117647;3.12;3.0870588235294116;3.143529411764706;3.152941176470588;3.1294117647058823;3.0870588235294116;3.0988235294117645;3.1976470588235295;3.232941176470588;3.176470588235294;3.171764705882353;3.1388235294117646;3.1105882352941174;3.235294117647059;3.124705882352941;3.211764705882353;3.183529411764706;3.16;3.1341176470588237;3.1976470588235295;3.1788235294117646;3.1294117647058823;3.1294117647058823;3.070588235294118;3.164705882352941;3.1294117647058823;3.155294117647059;3.1152941176470588;
3.2022857142857144;3.0948571428571428;3.1862857142857144;3.1725714285714286;3.117714285714286;3.145142857142857;3.142857142857143;3.1314285714285712;3.085714285714286;3.1222857142857143;3.117714285714286;3.129142857142857;3.072;3.1634285714285713;3.115428571428571;3.1885714285714286;3.0765714285714285;3.2;3.142857142857143;3.1382857142857143;3.1725714285714286;3.1725714285714286;3.117714285714286;3.165714285714286;3.165714285714286;3.1565714285714286;3.1565714285714286;3.0902857142857143;3.1382857142857143;3.113142857142857;3.117714285714286;3.0834285714285716;3.165714285714286;3.126857142857143;3.104;3.165714285714286;3.12;3.0902857142857143;3.101714285714286;3.1382857142857143;3.0925714285714285;3.1314285714285712;3.2114285714285713;3.088;3.0765714285714285;3.0308571428571427;3.1542857142857144;3.1725714285714286;3.1725714285714286;3.2114285714285713;
3.1;3.1555555555555554;3.1444444444444444;3.111111111111111;3.117777777777778;3.151111111111111;3.1644444444444444;3.1644444444444444;3.148888888888889;3.2222222222222223;3.2088888888888887;3.1755555555555555;3.111111111111111;3.1933333333333334;3.1555555555555554;3.151111111111111;3.1044444444444443;3.1266666666666665;3.066666666666667;3.171111111111111;3.1555555555555554;3.0844444444444443;3.1133333333333333;3.1355555555555554;3.1822222222222223;3.1155555555555554;3.2466666666666666;3.1066666666666665;3.051111111111111;3.1933333333333334;3.168888888888889;3.1777777777777776;3.1355555555555554;3.171111111111111;3.051111111111111;3.097777777777778;3.1666666666666665;3.1666666666666665;3.1755555555555555;3.088888888888889;3.16;3.1844444444444444;3.18;3.1266666666666665;3.1577777777777776;3.1066666666666665;3.1577777777777776;3.137777777777778;3.102222222222222;3.1333333333333333;
3.1091891891891894;3.1113513513513515;3.094054054054054;3.1243243243243244;3.176216216216216;3.156756756756757;3.135135135135135;3.0854054054054054;3.2194594594594594;3.135135135135135;3.2064864864864866;3.2194594594594594;3.145945945945946;3.076756756756757;3.1783783783783783;3.0681081081081083;3.1675675675675676;3.15027027027027;3.1805405405405405;3.12;3.1027027027027025;3.091891891891892;3.1524324324324327;3.15027027027027;3.1827027027027026;3.189189189189189;3.078918918918919;3.135135135135135;3.1243243243243244;3.1783783783783783;3.1437837837837836;3.117837837837838;3.135135135135135;3.1654054054054055;3.1827027027027026;3.1027027027027025;3.210810810810811;3.1416216216216215;3.191351351351351;3.12;3.1848648648648648;3.158918918918919;3.1848648648648648;3.1697297297297298;3.2237837837837837;3.0464864864864865;3.1416216216216215;3.154594594594595;3.171891891891892;3.197837837837838;
3.136842105263158;3.183157894736842;3.1726315789473682;3.1242105263157893;3.170526315789474;3.1410526315789475;3.132631578947368;3.12;3.103157894736842;3.1157894736842104;3.1578947368421053;3.130526315789474;3.1452631578947368;3.168421052631579;3.134736842105263;3.103157894736842;3.1473684210526316;3.1094736842105264;3.094736842105263;3.1515789473684213;3.122105263157895;3.1473684210526316;3.130526315789474;3.1136842105263156;3.1494736842105264;3.1494736842105264;3.185263157894737;3.1494736842105264;3.1094736842105264;3.1789473684210527;3.16;3.1936842105263157;3.1642105263157894;3.136842105263158;3.16;3.1094736842105264;3.1621052631578945;3.1642105263157894;3.096842105263158;3.132631578947368;3.0778947368421052;3.111578947368421;3.1536842105263156;3.1452631578947368;3.088421052631579;3.0526315789473686;3.090526315789474;3.132631578947368;3.1410526315789475;3.1789473684210527;
3.1302564102564103;3.134358974358974;3.1917948717948716;3.1015384615384614;3.10974358974359;3.1671794871794874;3.197948717948718;3.0933333333333333;3.1056410256410256;3.128205128205128;3.1302564102564103;3.0933333333333333;3.1425641025641027;3.1323076923076925;3.134358974358974;3.1651282051282053;3.169230769230769;3.10974358974359;3.1323076923076925;3.158974358974359;3.128205128205128;3.1076923076923078;3.1302564102564103;3.1651282051282053;3.1651282051282053;3.1671794871794874;3.1733333333333333;3.091282051282051;3.1487179487179486;3.1220512820512822;3.1507692307692308;3.1466666666666665;3.134358974358974;3.0994871794871797;3.152820512820513;3.0892307692307694;3.161025641025641;3.115897435897436;3.124102564102564;3.187692307692308;3.1794871794871793;3.1117948717948716;3.18974358974359;3.1302564102564103;3.171282051282051;3.1302564102564103;3.163076923076923;3.1835897435897436;3.2102564102564104;3.0892307692307694;
3.158;3.134;3.192;3.098;3.094;3.206;3.21;3.176;3.11;3.052;3.206;3.204;3.168;3.132;3.156;3.13;3.124;3.13;3.136;3.148;3.132;3.134;3.158;3.126;3.114;3.162;3.184;3.158;3.134;3.088;3.174;3.108;3.17;3.082;3.094;3.118;3.14;3.152;3.184;3.13;3.114;3.144;3.13;3.154;3.142;3.148;3.076;3.116;3.156;3.182;
3.1609756097560977;3.1551219512195123;3.1765853658536587;3.164878048780488;3.1258536585365855;3.1278048780487806;3.0907317073170733;3.153170731707317;3.1453658536585367;3.118048780487805;3.1219512195121952;3.118048780487805;3.147317073170732;3.1278048780487806;3.1765853658536587;3.1921951219512197;3.1258536585365855;3.12;3.0907317073170733;3.104390243902439;3.1434146341463416;3.2078048780487807;3.1609756097560977;3.0985365853658537;3.2039024390243904;3.1297560975609757;3.1765853658536587;3.1141463414634147;3.1414634146341465;3.182439024390244;3.1453658536585367;3.180487804878049;3.1434146341463416;3.1863414634146343;3.1434146341463416;3.166829268292683;3.118048780487805;3.164878048780488;3.1902439024390246;3.1278048780487806;3.069268292682927;3.1141463414634147;3.133658536585366;3.1414634146341465;3.1141463414634147;3.180487804878049;3.0965853658536586;3.0946341463414635;3.0946341463414635;3.0946341463414635;
3.177142857142857;3.144761904761905;3.2095238095238097;3.1885714285714286;3.1619047619047618;3.1466666666666665;3.1085714285714285;3.142857142857143;3.156190476190476;3.1752380952380954;3.0952380952380953;3.165714285714286;3.177142857142857;3.142857142857143;3.203809523809524;3.100952380952381;3.1504761904761907;3.140952380952381;3.1714285714285713;3.0895238095238096;3.1542857142857144;3.139047619047619;3.0761904761904764;3.1352380952380954;3.1295238095238096;3.16;3.137142857142857;3.123809523809524;3.2076190476190476;3.0361904761904763;3.0704761904761906;3.1619047619047618;3.1123809523809522;3.1066666666666665;3.144761904761905;3.1714285714285713;3.1123809523809522;3.1466666666666665;3.217142857142857;3.165714285714286;3.203809523809524;3.1866666666666665;3.118095238095238;3.1314285714285712;3.1066666666666665;3.099047619047619;3.139047619047619;3.156190476190476;3.1619047619047618;3.1695238095238096;
3.1348837209302327;3.129302325581395;3.1367441860465117;3.1088372093023255;3.1869767441860466;3.1497674418604653;3.1553488372093024;3.129302325581395;3.0604651162790697;3.1404651162790698;3.125581395348837;3.1330232558139537;3.0995348837209304;3.1553488372093024;3.1386046511627907;3.1572093023255814;3.1832558139534886;3.116279069767442;3.0734883720930233;3.173953488372093;3.1627906976744184;3.1609302325581394;3.147906976744186;3.1367441860465117;3.127441860465116;3.097674418604651;3.1311627906976742;3.1534883720930234;3.142325581395349;3.144186046511628;3.1311627906976742;3.0772093023255813;3.1590697674418604;3.1330232558139537;3.1013953488372095;3.142325581395349;3.127441860465116;3.177674418604651;3.175813953488372;3.123720930232558;3.166511627906977;3.22046511627907;3.1144186046511626;3.097674418604651;3.1981395348837207;3.1832558139534886;3.2372093023255815;3.1404651162790698;3.1646511627906975;3.146046511627907;
3.1545454545454548;3.1345454545454547;3.118181818181818;3.1418181818181816;3.138181818181818;3.118181818181818;3.1563636363636363;3.1963636363636363;3.169090909090909;3.169090909090909;3.118181818181818;3.1272727272727274;3.1163636363636362;3.1763636363636363;3.1763636363636363;3.112727272727273;3.169090909090909;3.101818181818182;3.1272727272727274;3.1945454545454544;3.129090909090909;3.149090909090909;3.1145454545454547;3.12;3.18;3.090909090909091;3.1272727272727274;3.2018181818181817;3.152727272727273;3.1454545454545455;3.1472727272727274;3.170909090909091;3.1636363636363636;3.118181818181818;3.129090909090909;3.1618181818181816;3.1418181818181816;3.1054545454545455;3.101818181818182;3.096363636363636;3.1363636363636362;3.1036363636363635;3.1363636363636362;3.1054545454545455;3.158181818181818;3.190909090909091;3.1;3.110909090909091;3.132727272727273;3.1618181818181816;
3.2284444444444444;3.137777777777778;3.1573333333333333;3.152;3.095111111111111;3.144888888888889;3.144888888888889;3.1484444444444444;3.152;3.128888888888889;3.1555555555555554;3.1626666666666665;3.152;3.1573333333333333;3.0773333333333333;3.159111111111111;3.1644444444444444;3.089777777777778;3.1466666666666665;3.1253333333333333;3.160888888888889;3.1146666666666665;3.12;3.1342222222222222;3.128888888888889;3.1395555555555554;3.176888888888889;3.111111111111111;3.1413333333333333;3.184;3.1395555555555554;3.127111111111111;3.1164444444444444;3.111111111111111;3.0773333333333333;3.1235555555555554;3.168;3.1342222222222222;3.066666666666667;3.12;3.1662222222222223;3.111111111111111;3.2017777777777776;3.1395555555555554;3.1324444444444444;3.089777777777778;3.1982222222222223;3.1626666666666665;3.1946666666666665;3.1804444444444444;
3.0852173913043477;3.187826086956522;3.1443478260869564;3.083478260869565;3.163478260869565;3.1165217391304347;3.1669565217391304;3.16;3.137391304347826;3.151304347826087;3.1356521739130434;3.111304347826087;3.1582608695652175;3.111304347826087;3.1339130434782607;3.1356521739130434;3.1182608695652174;3.137391304347826;3.0521739130434784;3.123478260869565;3.1165217391304347;3.1982608695652175;3.1008695652173914;3.0817391304347828;3.1565217391304348;3.1652173913043478;3.1426086956521737;3.146086956521739;3.12;3.139130434782609;3.106086956521739;3.151304347826087;3.0956521739130434;3.154782608695652;3.102608695652174;3.1495652173913045;3.1321739130434785;3.161739130434783;3.114782608695652;3.1252173913043477;3.168695652173913;3.1530434782608694;3.121739130434783;3.208695652173913;3.0991304347826087;3.151304347826087;3.146086956521739;3.16;3.151304347826087;3.0956521739130434;
3.1217021276595744;3.1285106382978722;3.116595744680851;3.1710638297872342;3.108085106382979;3.12;3.1625531914893616;3.043404255319149;3.1659574468085108;3.0706382978723403;3.137021276595745;3.145531914893617;3.1608510638297873;3.1438297872340426;3.164255319148936;3.1761702127659572;3.13531914893617;3.1217021276595744;3.155744680851064;3.177872340425532;3.1829787234042555;3.1404255319148935;3.1336170212765957;3.123404255319149;3.18468085106383;3.1693617021276594;3.1421276595744683;3.1812765957446807;3.097872340425532;3.13531914893617;3.1659574468085108;3.109787234042553;3.2;3.2204255319148936;3.130212765957447;3.148936170212766;3.1404255319148935;3.1336170212765957;3.159148936170213;3.1506382978723404;3.1285106382978722;3.097872340425532;3.157446808510638;3.075744680851064;3.186382978723404;3.1251063829787236;3.145531914893617;3.1693617021276594;3.188085106382979;3.1046808510638297;
3.2083333333333335;3.1616666666666666;3.1533333333333333;3.1366666666666667;3.09;3.091666666666667;3.1533333333333333;3.2066666666666666;3.138333333333333;3.203333333333333;3.13;3.0883333333333334;3.1266666666666665;3.151666666666667;3.07;3.1733333333333333;3.175;3.1333333333333333;3.105;3.118333333333333;3.1616666666666666;3.145;3.1466666666666665;3.1633333333333336;3.1016666666666666;3.138333333333333;3.1283333333333334;3.1433333333333335;3.105;3.0233333333333334;3.155;3.14;3.145;3.1283333333333334;3.1633333333333336;3.1666666666666665;3.1616666666666666;3.1233333333333335;3.1533333333333333;3.171666666666667;3.0816666666666666;3.105;3.165;3.1483333333333334;3.1433333333333335;3.1416666666666666;3.135;3.145;3.15;3.2133333333333334;
3.110204081632653;3.1151020408163266;3.165714285714286;3.1346938775510202;3.1575510204081634;3.1183673469387756;3.165714285714286;3.1216326530612246;3.0808163265306123;3.1379591836734693;3.116734693877551;3.1444897959183673;3.170612244897959;3.149387755102041;3.1085714285714285;3.1363265306122448;3.057959183673469;3.1183673469387756;3.1412244897959183;3.1216326530612246;3.1640816326530614;3.16734693877551;3.193469387755102;3.177142857142857;3.186938775510204;3.1216326530612246;3.2048979591836733;3.1297959183673467;3.1477551020408163;3.097142857142857;3.16734693877551;3.1314285714285712;3.193469387755102;3.165714285714286;3.12;3.1151020408163266;3.1689795918367345;3.110204081632653;3.1575510204081634;3.113469387755102;3.193469387755102;3.15265306122449;3.1314285714285712;3.1575510204081634;3.159183673469388;3.123265306122449;3.146122448979592;3.1477551020408163;3.1020408163265305;3.1444897959183673;
3.1648;3.1744;3.1296;3.1344;3.1056;3.0784;3.1648;3.1808;3.1152;3.1488;3.1856;3.152;3.1376;3.1584;3.112;3.1968;3.1184;3.184;3.1456;3.1328;3.0992;3.1472;3.136;3.1424;3.0944;3.1216;3.1376;3.1456;3.1152;3.1296;3.12;3.2128;3.1776;3.1232;3.1536;3.0944;3.1296;3.0944;3.1264;3.1904;3.16;3.0736;3.144;3.1968;3.1584;3.1248;3.112;3.12;3.2128;3.0992;
3.189019607843137;3.1419607843137256;3.1780392156862747;3.0447058823529414;3.0964705882352943;3.065098039215686;3.1231372549019607;3.1403921568627453;3.1905882352941175;3.1388235294117646;3.107450980392157;3.187450980392157;3.12;3.156078431372549;3.1592156862745098;3.1576470588235295;3.145098039215686;3.1309803921568626;3.12;3.2094117647058824;3.1466666666666665;3.1403921568627453;3.1262745098039217;3.176470588235294;3.132549019607843;3.1403921568627453;3.168627450980392;3.1215686274509804;3.083921568627451;3.1419607843137256;3.151372549019608;3.1545098039215684;3.1466666666666665;3.091764705882353;3.1701960784313727;3.1372549019607843;3.1309803921568626;3.1341176470588237;3.179607843137255;3.076078431372549;3.1733333333333333;3.1670588235294117;3.1137254901960785;3.1733333333333333;3.1152941176470588;3.171764705882353;3.187450980392157;3.12;3.0823529411764707;3.1215686274509804;
3.124615384615385;3.1323076923076925;3.189230769230769;3.190769230769231;3.1338461538461537;3.16;3.16;3.116923076923077;3.1769230769230767;3.14;3.147692307692308;3.126153846153846;3.166153846153846;3.1215384615384614;3.14;3.106153846153846;3.126153846153846;3.14;3.1323076923076925;3.109230769230769;3.1338461538461537;3.126153846153846;3.166153846153846;3.0876923076923077;3.18;3.1138461538461537;3.0646153846153847;3.1753846153846155;3.193846153846154;3.16;3.106153846153846;3.16;3.1538461538461537;3.1276923076923078;3.1723076923076925;3.1184615384615384;3.163076923076923;3.164615384615385;3.1723076923076925;3.1723076923076925;3.149230769230769;3.12;3.18;3.1138461538461537;3.1846153846153844;3.0907692307692307;3.169230769230769;3.164615384615385;3.169230769230769;3.1215384615384614;
3.1154716981132076;3.1894339622641508;3.1124528301886794;3.1637735849056603;3.127547169811321;3.1833962264150943;3.0732075471698113;3.0384905660377357;3.121509433962264;3.1366037735849055;3.1320754716981134;3.1064150943396225;3.139622641509434;3.147169811320755;3.0626415094339623;3.160754716981132;3.109433962264151;3.1743396226415093;3.139622641509434;3.121509433962264;3.1456603773584906;3.110943396226415;3.198490566037736;3.178867924528302;3.1124528301886794;3.1366037735849055;3.187924528301887;3.1366037735849055;3.13811320754717;3.178867924528302;3.13811320754717;3.1637735849056603;3.2135849056603774;3.1366037735849055;3.1320754716981134;3.2135849056603774;3.157735849056604;3.210566037735849;3.1562264150943395;3.0928301886792453;3.1124528301886794;3.2;3.1954716981132076;3.18188679245283;3.198490566037736;3.1290566037735847;3.1969811320754715;3.109433962264151;3.157735849056604;3.1366037735849055;
3.1333333333333333;3.1422222222222222;3.1392592592592594;3.1437037037037037;3.1792592592592595;3.1792592592592595;3.136296296296296;3.1214814814814815;3.1674074074074072;3.1777777777777776;3.1437037037037037;3.1392592592592594;3.131851851851852;3.165925925925926;3.1303703703703705;3.114074074074074;3.137777777777778;3.16;3.1333333333333333;3.0859259259259257;3.1333333333333333;3.131851851851852;3.180740740740741;3.0874074074074076;3.145185185185185;3.1125925925925926;3.1585185185185187;3.157037037037037;3.14962962962963;3.100740740740741;3.16;3.157037037037037;3.14962962962963;3.071111111111111;3.14962962962963;3.1214814814814815;3.1037037037037036;3.1214814814814815;3.136296296296296;3.162962962962963;3.1748148148148148;3.1525925925925926;3.2088888888888887;3.0933333333333333;3.162962962962963;3.091851851851852;3.0755555555555554;3.16;3.114074074074074;3.1481481481481484;
3.1258181818181816;3.1418181818181816;3.106909090909091;3.1636363636363636;3.1185454545454547;3.128727272727273;3.1345454545454547;3.168;3.2058181818181817;3.2014545454545456;3.1345454545454547;3.154909090909091;3.1956363636363636;3.1476363636363636;3.1185454545454547;3.0865454545454547;3.1941818181818182;3.1272727272727274;3.1345454545454547;3.181090909090909;3.130181818181818;3.1316363636363636;3.1636363636363636;3.1258181818181816;3.2;3.1112727272727274;3.165090909090909;3.1374545454545455;3.1374545454545455;3.1592727272727275;3.133090909090909;3.1752727272727275;3.1214545454545455;3.160727272727273;3.0807272727272728;3.1243636363636362;3.130181818181818;3.149090909090909;3.1258181818181816;3.136;3.108363636363636;3.1112727272727274;3.1505454545454548;3.104;3.1592727272727275;3.1025454545454547;3.1476363636363636;3.082181818181818;3.1374545454545455;3.152;
3.157142857142857;3.125714285714286;3.184285714285714;3.12;3.107142857142857;3.14;3.1885714285714286;3.1285714285714286;3.2142857142857144;3.1;3.1342857142857143;3.1671428571428573;3.1414285714285715;3.1742857142857144;3.145714285714286;3.1214285714285714;3.1;3.1314285714285712;3.1857142857142855;3.117142857142857;3.117142857142857;3.1485714285714286;3.1542857142857144;3.1214285714285714;3.0914285714285716;3.1485714285714286;3.0914285714285716;3.2142857142857144;3.1142857142857143;3.137142857142857;3.1314285714285712;3.145714285714286;3.104285714285714;3.1857142857142855;3.1342857142857143;3.1542857142857144;3.13;3.1214285714285714;3.12;3.1157142857142857;3.125714285714286;3.105714285714286;3.097142857142857;3.1342857142857143;3.13;3.1742857142857144;3.1585714285714284;3.1471428571428572;3.09;3.124285714285714;
3.1382456140350876;3.183157894736842;3.082105263157895;3.103157894736842;3.135438596491228;3.143859649122807;3.103157894736842;3.1143859649122807;3.0849122807017544;3.0764912280701755;3.1312280701754385;3.135438596491228;3.079298245614035;3.1157894736842104;3.1143859649122807;3.160701754385965;3.1466666666666665;3.1536842105263156;3.1803508771929825;3.170526315789474;3.1578947368421053;3.1270175438596493;3.104561403508772;3.1494736842105264;3.1228070175438596;3.1270175438596493;3.152280701754386;3.132631578947368;3.1410526315789475;3.1270175438596493;3.1242105263157893;3.1649122807017545;3.1803508771929825;3.1382456140350876;3.1536842105263156;3.12140350877193;3.1494736842105264;3.1719298245614036;3.0680701754385966;3.135438596491228;3.152280701754386;3.1382456140350876;3.096140350877193;3.19859649122807;3.1719298245614036;3.111578947368421;3.1242105263157893;3.185964912280702;3.1242105263157893;3.1270175438596493;
3.166896551724138;3.139310344827586;3.133793103448276;3.1324137931034484;3.099310344827586;3.1379310344827585;3.157241379310345;3.16;3.1186206896551725;3.179310344827586;3.0220689655172412;3.1310344827586207;3.1241379310344826;3.157241379310345;3.176551724137931;3.1379310344827585;3.143448275862069;3.103448275862069;3.1862068965517243;3.133793103448276;3.1848275862068967;3.0924137931034483;3.12551724137931;3.1406896551724137;3.1310344827586207;3.169655172413793;3.106206896551724;3.1751724137931037;3.113103448275862;3.1406896551724137;3.1227586206896554;3.1406896551724137;3.1144827586206896;3.1586206896551725;3.1641379310344826;3.089655172413793;3.179310344827586;3.169655172413793;3.117241379310345;3.2;3.166896551724138;3.113103448275862;3.1641379310344826;3.1241379310344826;3.1020689655172413;3.12;3.1613793103448278;3.113103448275862;3.1724137931034484;3.1048275862068966;
3.1172881355932205;3.1308474576271186;3.096949152542373;3.145762711864407;3.1159322033898307;3.1471186440677967;3.157966101694915;3.12135593220339;3.1389830508474574;3.0752542372881355;3.1471186440677967;3.1064406779661016;3.114576271186441;3.1389830508474574;3.109152542372881;3.12135593220339;3.151186440677966;3.096949152542373;3.1728813559322036;3.1566101694915254;3.157966101694915;3.1552542372881356;3.1484745762711865;3.159322033898305;3.0928813559322035;3.145762711864407;3.1688135593220337;3.1227118644067797;3.166101694915254;3.102372881355932;3.1389830508474574;3.159322033898305;3.167457627118644;3.1376271186440676;3.1471186440677967;3.114576271186441;3.190508474576271;3.1389830508474574;3.1294915254237288;3.1240677966101695;3.1322033898305084;3.1294915254237288;3.1864406779661016;3.1322033898305084;3.0928813559322035;3.1810169491525424;3.095593220338983;3.153898305084746;3.1050847457627118;3.071186440677966;
3.1693333333333333;3.1306666666666665;3.136;3.128;3.132;3.1186666666666665;3.1106666666666665;3.124;3.152;3.1786666666666665;3.0986666666666665;3.132;3.1293333333333333;3.1266666666666665;3.1506666666666665;3.156;3.0813333333333333;3.1466666666666665;3.1186666666666665;3.136;3.1786666666666665;3.1346666666666665;3.1186666666666665;3.1813333333333333;3.1093333333333333;3.1373333333333333;3.0906666666666665;3.1533333333333333;3.1453333333333333;3.168;3.088;3.204;3.1613333333333333;3.1173333333333333;3.152;3.168;3.092;3.1533333333333333;3.1586666666666665;3.148;3.148;3.176;3.136;3.1386666666666665;3.1586666666666665;3.16;3.1493333333333333;3.1066666666666665;3.1386666666666665;3.0866666666666664;
3.1357377049180326;3.1632786885245903;3.11344262295082;3.0911475409836067;3.1422950819672133;3.101639344262295;3.1868852459016392;3.1895081967213117;3.1659016393442623;3.102950819672131;3.11344262295082;3.1908196721311475;3.134426229508197;3.1173770491803277;3.0688524590163935;3.1881967213114755;3.095081967213115;3.1475409836065573;3.1868852459016392;3.12;3.1357377049180326;3.1501639344262293;3.159344262295082;3.1540983606557376;3.1724590163934425;3.1514754098360656;3.175081967213115;3.146229508196721;3.1737704918032787;3.1147540983606556;3.1081967213114754;3.1055737704918034;3.138360655737705;3.1422950819672133;3.0701639344262297;3.1278688524590166;3.1147540983606556;3.1108196721311474;3.1278688524590166;3.1908196721311475;3.1659016393442623;3.139672131147541;3.138360655737705;3.1357377049180326;3.134426229508197;3.118688524590164;3.159344262295082;3.140983606557377;3.180327868852459;3.100327868852459;
3.0916129032258066;3.1806451612903226;3.1006451612903225;3.150967741935484;3.1032258064516127;3.1316129032258067;3.1070967741935482;3.1316129032258067;3.190967741935484;3.0748387096774192;3.1316129032258067;3.0761290322580646;3.1393548387096772;3.134193548387097;3.1470967741935483;3.16;3.1148387096774193;3.1561290322580646;3.129032258064516;3.0916129032258066;3.2103225806451614;3.1780645161290324;3.149677419354839;3.1329032258064515;3.1651612903225805;3.099354838709677;3.1625806451612903;3.1651612903225805;3.1032258064516127;3.149677419354839;3.174193548387097;3.1161290322580646;3.1625806451612903;3.099354838709677;3.1380645161290324;3.1780645161290324;3.181935483870968;3.1109677419354838;3.1716129032258062;3.1225806451612903;3.1070967741935482;3.1148387096774193;3.127741935483871;3.1483870967741936;3.150967741935484;3.0838709677419356;3.0851612903225805;3.1432258064516128;3.1303225806451613;3.1083870967741936;
3.1542857142857144;3.1276190476190475;3.0996825396825396;3.158095238095238;3.175873015873016;3.1453968253968254;3.104761904761905;3.1187301587301586;3.1415873015873017;3.1441269841269843;3.113650793650794;3.177142857142857;3.1619047619047618;3.159365079365079;3.149206349206349;3.175873015873016;3.121269841269841;3.0755555555555554;3.149206349206349;3.193650793650794;3.1733333333333333;3.1314285714285712;3.222857142857143;3.1365079365079365;3.149206349206349;3.1314285714285712;3.166984126984127;3.106031746031746;3.1466666666666665;3.1809523809523808;3.133968253968254;3.1631746031746033;3.0907936507936506;3.1174603174603175;3.1098412698412696;3.1085714285714285;3.1174603174603175;3.149206349206349;3.142857142857143;3.113650793650794;3.1796825396825397;3.196190476190476;3.159365079365079;3.1504761904761907;3.0717460317460317;3.1987301587301586;3.0984126984126985;3.1517460317460317;3.1517460317460317;3.1441269841269843;
3.1875;3.16375;3.1675;3.075;3.14625;3.11;3.1375;3.17125;3.09875;3.14125;3.12625;3.13375;3.1375;3.16875;3.145;3.20625;3.175;3.16625;3.12625;3.135;3.1275;3.1375;3.17125;3.155;3.05875;3.14375;3.15125;3.14;3.1375;3.1075;3.125;3.2075;3.1325;3.095;3.12125;3.16875;3.12125;3.17375;3.15875;3.11375;3.05625;3.13375;3.08375;3.16875;3.1675;3.08625;3.12375;3.11;3.15;3.14125;
3.1926153846153844;3.0916923076923077;3.124923076923077;3.1409230769230767;3.174153846153846;3.1593846153846155;3.1495384615384614;3.124923076923077;3.187692307692308;3.1273846153846154;3.1544615384615384;3.1458461538461537;3.1409230769230767;3.187692307692308;3.1803076923076925;3.1027692307692307;3.1138461538461537;3.1753846153846155;3.1913846153846155;3.0498461538461537;3.126153846153846;3.1963076923076925;3.126153846153846;3.1027692307692307;3.1027692307692307;3.184;3.168;3.128615384615385;3.1433846153846154;3.174153846153846;3.1323076923076925;3.1335384615384614;3.1224615384615384;3.1323076923076925;3.1273846153846154;3.1236923076923078;3.126153846153846;3.168;3.179076923076923;3.1347692307692308;3.1926153846153844;3.126153846153846;3.1803076923076925;3.174153846153846;3.1015384615384614;3.1236923076923078;3.128615384615385;3.144615384615385;3.1729230769230767;3.147076923076923;
3.16;3.136969696969697;3.1151515151515152;3.1515151515151514;3.1115151515151513;3.175757575757576;3.109090909090909;3.1345454545454547;3.090909090909091;3.136969696969697;3.109090909090909;3.153939393939394;3.2254545454545456;3.153939393939394;3.130909090909091;3.1806060606060607;3.1357575757575757;3.12969696969697;3.126060606060606;3.1915151515151514;3.1103030303030303;3.121212121212121;3.1769696969696968;3.1175757575757577;3.2096969696969695;3.1333333333333333;3.1345454545454547;3.1745454545454543;3.1503030303030304;3.126060606060606;3.067878787878788;3.1854545454545455;3.223030303030303;3.12969696969697;3.1406060606060606;3.1733333333333333;3.1175757575757577;3.189090909090909;3.1515151515151514;3.138181818181818;3.143030303030303;3.144242424242424;3.1466666666666665;3.1587878787878787;3.153939393939394;3.193939393939394;3.1672727272727275;3.1406060606060606;3.143030303030303;3.1418181818181816;
3.1438805970149253;3.1283582089552238;3.1271641791044775;3.1761194029850746;3.1402985074626866;3.154626865671642;3.1582089552238806;3.10089552238806;3.168955223880597;3.151044776119403;3.1701492537313434;3.1164179104477614;3.185671641791045;3.1892537313432836;3.1570149253731343;3.168955223880597;3.133134328358209;3.1797014925373133;3.1319402985074625;3.1808955223880595;3.1522388059701494;3.136716417910448;3.154626865671642;3.147462686567164;3.172537313432836;3.1522388059701494;3.0997014925373136;3.136716417910448;3.1450746268656715;3.149850746268657;3.1450746268656715;3.1582089552238806;3.185671641791045;3.1534328358208956;3.2119402985074625;3.159402985074627;3.1152238805970147;3.1641791044776117;3.1653731343283584;3.1629850746268655;3.160597014925373;3.182089552238806;3.1128358208955222;3.081791044776119;3.10089552238806;3.1701492537313434;3.142686567164179;3.1032835820895524;3.1641791044776117;3.1749253731343283;
3.1858823529411766;3.1576470588235295;3.1705882352941175;3.111764705882353;3.172941176470588;3.176470588235294;3.1482352941176472;3.143529411764706;3.1023529411764708;3.1188235294117646;3.123529411764706;3.1188235294117646;3.1811764705882353;3.1282352941176472;3.121176470588235;3.175294117647059;3.1494117647058824;3.088235294117647;3.1705882352941175;3.131764705882353;3.16;3.131764705882353;3.1482352941176472;3.1505882352941175;3.1482352941176472;3.1223529411764708;3.164705882352941;3.1188235294117646;3.104705882352941;3.121176470588235;3.1588235294117646;3.083529411764706;3.121176470588235;3.16;3.1670588235294117;3.1258823529411766;3.143529411764706;3.152941176470588;3.135294117647059;3.1388235294117646;3.16;3.0976470588235294;3.1741176470588237;3.1282352941176472;3.111764705882353;3.1623529411764704;3.1482352941176472;3.0623529411764707;3.103529411764706;3.1811764705882353;
3.2;3.0991304347826087;3.1339130434782607;3.1489855072463766;3.157101449275362;3.1072463768115943;3.12231884057971;3.1652173913043478;3.1605797101449276;3.167536231884058;3.132753623188406;3.091014492753623;3.1257971014492756;3.1246376811594203;3.139710144927536;3.1756521739130434;3.1165217391304347;3.1118840579710145;3.136231884057971;3.154782608695652;3.1768115942028987;3.11768115942029;3.123478260869565;3.1628985507246377;3.164057971014493;3.123478260869565;3.1142028985507246;3.1408695652173915;3.130434782608696;3.154782608695652;3.151304347826087;3.150144927536232;3.1292753623188405;3.1756521739130434;3.1315942028985506;3.1246376811594203;3.1281159420289857;3.1408695652173915;3.1768115942028987;3.232463768115942;3.1408695652173915;3.103768115942029;3.1443478260869564;3.091014492753623;3.1478260869565218;3.1768115942028987;3.1269565217391304;3.118840579710145;3.1315942028985506;3.19768115942029;
3.1817142857142855;3.1394285714285712;3.097142857142857;3.121142857142857;3.1405714285714286;3.133714285714286;3.150857142857143;3.142857142857143;3.125714285714286;3.1565714285714286;3.190857142857143;3.153142857142857;3.158857142857143;3.1142857142857143;3.12;3.182857142857143;3.107428571428571;3.1165714285714285;3.153142857142857;3.1474285714285712;3.112;3.1725714285714286;3.16;3.1554285714285712;3.081142857142857;3.1702857142857144;3.2125714285714286;3.142857142857143;3.145142857142857;3.174857142857143;3.1645714285714286;3.097142857142857;3.1462857142857144;3.123428571428571;3.1028571428571428;3.123428571428571;3.1622857142857144;3.1142857142857143;3.1405714285714286;3.088;3.109714285714286;3.137142857142857;3.1028571428571428;3.1542857142857144;3.1222857142857143;3.1817142857142855;3.133714285714286;3.1165714285714285;3.0994285714285716;3.1028571428571428;
3.1819718309859155;3.172957746478873;3.1571830985915494;3.1402816901408452;3.132394366197183;3.091830985915493;3.1740845070422536;3.0501408450704224;3.1335211267605634;3.139154929577465;3.1571830985915494;3.1177464788732396;3.1380281690140843;3.1188732394366196;3.1583098591549295;3.131267605633803;3.171830985915493;3.1650704225352113;3.1819718309859155;3.171830985915493;3.176338028169014;3.1425352112676057;3.1267605633802815;3.1684507042253522;3.1256338028169015;3.1853521126760564;3.0985915492957745;3.116619718309859;3.1853521126760564;3.1549295774647885;3.131267605633803;3.131267605633803;3.1143661971830987;3.1752112676056337;3.1008450704225354;3.163943661971831;3.167323943661972;3.148169014084507;3.1571830985915494;3.156056338028169;3.1470422535211267;3.1504225352112676;3.1549295774647885;3.1583098591549295;3.1132394366197182;3.1098591549295773;3.1583098591549295;3.12;3.1538028169014085;3.167323943661972;
3.0955555555555554;3.1544444444444446;3.2333333333333334;3.1566666666666667;3.1277777777777778;3.1366666666666667;3.08;3.121111111111111;3.14;3.1555555555555554;3.1166666666666667;3.1422222222222222;3.1733333333333333;3.151111111111111;3.152222222222222;3.1433333333333335;3.1266666666666665;3.1433333333333335;3.1077777777777778;3.1466666666666665;3.1577777777777776;3.0722222222222224;3.1266666666666665;3.1344444444444446;3.137777777777778;3.1433333333333335;3.11;3.151111111111111;3.1133333333333333;3.1066666666666665;3.131111111111111;3.1544444444444446;3.167777777777778;3.1566666666666667;3.1433333333333335;3.137777777777778;3.121111111111111;3.1422222222222222;3.17;3.158888888888889;3.168888888888889;3.1766666666666667;3.138888888888889;3.1166666666666667;3.1466666666666665;3.1244444444444444;3.137777777777778;3.2044444444444444;3.1155555555555554;3.138888888888889;
3.117808219178082;3.166027397260274;3.198904109589041;3.1123287671232878;3.0936986301369864;3.1156164383561644;3.1452054794520548;3.162739726027397;3.132054794520548;3.1397260273972605;3.169315068493151;3.1331506849315067;3.1210958904109587;3.186849315068493;3.1232876712328768;3.130958904109589;3.1112328767123287;3.1726027397260275;3.140821917808219;3.1824657534246574;3.174794520547945;3.098082191780822;3.1484931506849314;3.152876712328767;3.1221917808219177;3.174794520547945;3.1506849315068495;3.109041095890411;3.1232876712328768;3.1726027397260275;3.1210958904109587;3.1254794520547944;3.0761643835616437;3.146301369863014;3.1167123287671235;3.151780821917808;3.191232876712329;3.141917808219178;3.143013698630137;3.158356164383562;3.1232876712328768;3.1441095890410957;3.12;3.1452054794520548;3.1375342465753424;3.0871232876712327;3.0991780821917807;3.1375342465753424;3.152876712328767;3.098082191780822;
3.1091891891891894;3.15027027027027;3.1437837837837836;3.151351351351351;3.158918918918919;3.1524324324324327;3.1524324324324327;3.130810810810811;3.134054054054054;3.1243243243243244;3.135135135135135;3.121081081081081;3.148108108108108;3.1416216216216215;3.151351351351351;3.1686486486486487;3.171891891891892;3.132972972972973;3.1297297297297297;3.1416216216216215;3.12;3.149189189189189;3.096216216216216;3.1448648648648647;3.1135135135135137;3.161081081081081;3.135135135135135;3.130810810810811;3.1145945945945948;3.1448648648648647;3.145945945945946;3.1264864864864865;3.1135135135135137;3.0864864864864865;3.1243243243243244;3.0713513513513515;3.154594594594595;3.1372972972972972;3.1621621621621623;3.1697297297297298;3.1102702702702705;3.147027027027027;3.117837837837838;3.118918918918919;3.136216216216216;3.1675675675675676;3.148108108108108;3.16;3.1632432432432434;3.155675675675676;
3.1146666666666665;3.1552;3.1477333333333335;3.1104;3.1328;3.159466666666667;3.143466666666667;3.1296;3.1573333333333333;3.1018666666666665;3.1616;3.138133333333333;3.1210666666666667;3.106133333333333;3.1488;3.1733333333333333;3.1285333333333334;3.143466666666667;3.106133333333333;3.1776;3.1104;3.1008;3.1285333333333334;3.0986666666666665;3.1498666666666666;3.152;3.1690666666666667;3.1178666666666666;3.1168;3.1466666666666665;3.216;3.1296;3.1541333333333332;3.1605333333333334;3.0944;3.1050666666666666;3.1658666666666666;3.1018666666666665;3.1488;3.1306666666666665;3.122133333333333;3.152;3.1541333333333332;3.1466666666666665;3.1157333333333335;3.1328;3.1573333333333333;3.1328;3.0442666666666667;3.127466666666667;
3.146315789473684;3.1557894736842105;3.134736842105263;3.1673684210526316;3.14;3.1010526315789475;3.1589473684210527;3.1126315789473686;3.1515789473684213;3.186315789473684;3.156842105263158;3.163157894736842;3.1726315789473682;3.1052631578947367;3.1052631578947367;3.171578947368421;3.134736842105263;3.1378947368421053;3.1757894736842105;3.094736842105263;3.1610526315789476;3.146315789473684;3.1473684210526316;3.143157894736842;3.114736842105263;3.1136842105263156;3.143157894736842;3.183157894736842;3.176842105263158;3.1094736842105264;3.1452631578947368;3.165263157894737;3.148421052631579;3.1389473684210527;3.163157894736842;3.170526315789474;3.1073684210526316;3.186315789473684;3.1452631578947368;3.1494736842105264;3.1178947368421053;3.1452631578947368;3.1621052631578945;3.1452631578947368;3.1610526315789476;3.143157894736842;3.128421052631579;3.1442105263157893;3.1389473684210527;3.1621052631578945;
3.1314285714285712;3.1366233766233766;3.1418181818181816;3.152207792207792;3.1272727272727274;3.1262337662337663;3.1511688311688313;3.0753246753246755;3.1542857142857144;3.1179220779220778;3.177142857142857;3.1335064935064936;3.147012987012987;3.175064935064935;3.140779220779221;3.1148051948051947;3.170909090909091;3.1148051948051947;3.115844155844156;3.12;3.137662337662338;3.1335064935064936;3.125194805194805;3.12;3.153246753246753;3.1885714285714286;3.1625974025974024;3.128311688311688;3.1605194805194805;3.069090909090909;3.1355844155844155;3.1761038961038963;3.123116883116883;3.168831168831169;3.1511688311688313;3.142857142857143;3.142857142857143;3.196883116883117;3.1345454545454547;3.1106493506493504;3.143896103896104;3.1916883116883117;3.1553246753246755;3.1044155844155843;3.1584415584415586;3.1574025974025974;3.149090909090909;3.1116883116883116;3.172987012987013;3.1418181818181816;
3.1271794871794873;3.1302564102564103;3.1333333333333333;3.1866666666666665;3.14974358974359;3.1651282051282053;3.164102564102564;3.1394871794871797;3.0943589743589746;3.1825641025641027;3.164102564102564;3.115897435897436;3.0953846153846154;3.1651282051282053;3.1056410256410256;3.1046153846153848;3.1364102564102563;3.1076923076923078;3.18974358974359;3.1384615384615384;3.1702564102564104;3.1364102564102563;3.1487179487179486;3.161025641025641;3.1025641025641026;3.1651282051282053;3.126153846153846;3.1015384615384614;3.1323076923076925;3.1517948717948716;3.1220512820512822;3.10974358974359;3.129230769230769;3.1107692307692307;3.0984615384615384;3.1825641025641027;3.161025641025641;3.14974358974359;3.163076923076923;3.147692307692308;3.169230769230769;3.1507692307692308;3.14974358974359;3.14974358974359;3.1425641025641027;3.1866666666666665;3.1805128205128206;3.1066666666666665;3.152820512820513;3.1271794871794873;
3.1534177215189874;3.1372151898734177;3.1443037974683543;3.097721518987342;3.1291139240506327;3.160506329113924;3.112911392405063;3.167594936708861;3.1412658227848103;3.180759493670886;3.109873417721519;3.179746835443038;3.131139240506329;3.131139240506329;3.1392405063291138;3.1392405063291138;3.1544303797468354;3.130126582278481;3.1291139240506327;3.1746835443037975;3.2060759493670887;3.1534177215189874;3.171645569620253;3.146329113924051;3.1372151898734177;3.1362025316455697;3.1351898734177217;3.149367088607595;3.147341772151899;3.189873417721519;3.1432911392405063;3.1402531645569622;3.131139240506329;3.1260759493670887;3.1372151898734177;3.171645569620253;3.1453164556962023;3.150379746835443;3.2050632911392407;3.147341772151899;3.1736708860759495;3.1848101265822786;3.118987341772152;3.1767088607594935;3.132151898734177;3.1736708860759495;3.1281012658227847;3.1443037974683543;3.1341772151898732;3.156455696202532;
3.097;3.137;3.163;3.129;3.096;3.13;3.148;3.096;3.147;3.151;3.129;3.149;3.12;3.109;3.152;3.153;3.139;3.135;3.069;3.181;3.146;3.161;3.089;3.135;3.116;3.186;3.153;3.113;3.122;3.193;3.167;3.148;3.17;3.146;3.118;3.128;3.163;3.173;3.12;3.155;3.139;3.124;3.169;3.11;3.138;3.17;3.136;3.145;3.146;3.153;
3.1614814814814816;3.1466666666666665;3.1437037037037037;3.1269135802469137;3.1604938271604937;3.154567901234568;3.1437037037037037;3.14962962962963;3.172345679012346;3.1081481481481483;3.127901234567901;3.1585185185185187;3.1219753086419755;3.1081481481481483;3.1614814814814816;3.140740740740741;3.15358024691358;3.1614814814814816;3.1901234567901233;3.1585185185185187;3.1703703703703705;3.1032098765432097;3.122962962962963;3.131851851851852;3.15358024691358;3.1437037037037037;3.157530864197531;3.1012345679012348;3.1466666666666665;3.1733333333333333;3.1387654320987655;3.151604938271605;3.159506172839506;3.14962962962963;3.1871604938271605;3.119012345679012;3.1338271604938273;3.092345679012346;3.1525925925925926;3.168395061728395;3.180246913580247;3.162469135802469;3.154567901234568;3.1239506172839504;3.1012345679012348;3.1180246913580247;3.1565432098765434;3.1555555555555554;3.1417283950617283;3.100246913580247;
3.1219512195121952;3.1346341463414635;3.100487804878049;3.1297560975609757;3.1463414634146343;3.1707317073170733;3.2039024390243904;3.1297560975609757;3.1570731707317075;3.1326829268292684;3.1551219512195123;3.1395121951219513;3.1853658536585368;3.140487804878049;3.0809756097560976;3.16;3.158048780487805;3.0946341463414635;3.1395121951219513;3.1775609756097563;3.0858536585365854;3.100487804878049;3.137560975609756;3.1697560975609758;3.0985365853658537;3.149268292682927;3.118048780487805;3.1102439024390245;3.1209756097560977;3.1590243902439026;3.135609756097561;3.171707317073171;3.1395121951219513;3.1590243902439026;3.142439024390244;3.1453658536585367;3.133658536585366;3.1219512195121952;3.138536585365854;3.1326829268292684;3.1346341463414635;3.153170731707317;3.1258536585365855;3.194146341463415;3.1307317073170733;3.15609756097561;3.147317073170732;3.1346341463414635;3.153170731707317;3.1746341463414636;
3.170120481927711;3.1421686746987953;3.176867469879518;3.1373493975903615;3.1421686746987953;3.0872289156626507;3.1479518072289157;3.123855421686747;3.104578313253012;3.1556626506024097;3.1257831325301204;3.1566265060240966;3.1527710843373495;3.1672289156626507;3.0910843373493977;3.1440963855421686;3.162409638554217;3.1383132530120483;3.1363855421686746;3.103614457831325;3.2125301204819277;3.1334939759036144;3.1787951807228914;3.16433734939759;3.1440963855421686;3.153734939759036;3.108433734939759;3.1392771084337348;3.1633734939759037;3.149879518072289;3.12;3.1440963855421686;3.1306024096385543;3.1604819277108436;3.1286746987951806;3.1440963855421686;3.179759036144578;3.173012048192771;3.16144578313253;3.099759036144578;3.169156626506024;3.1865060240963854;3.103614457831325;3.146987951807229;3.0920481927710846;3.1903614457831324;3.153734939759036;3.101686746987952;3.1334939759036144;3.1306024096385543;
3.145714285714286;3.1895238095238096;3.1295238095238096;3.1133333333333333;3.18;3.1676190476190476;3.16;3.1495238095238096;3.1704761904761907;3.1095238095238096;3.1333333333333333;3.183809523809524;3.118095238095238;3.1085714285714285;3.125714285714286;3.1295238095238096;3.143809523809524;3.182857142857143;3.137142857142857;3.164761904761905;3.136190476190476;3.1466666666666665;3.0923809523809522;3.143809523809524;3.156190476190476;3.1476190476190475;3.1723809523809523;3.157142857142857;3.0885714285714285;3.159047619047619;3.1523809523809523;3.1619047619047618;3.1533333333333333;3.1485714285714286;3.165714285714286;3.118095238095238;3.124761904761905;3.1285714285714286;3.1666666666666665;3.1866666666666665;3.1676190476190476;3.1323809523809523;3.1228571428571428;3.124761904761905;3.1304761904761906;3.125714285714286;3.157142857142857;3.1495238095238096;3.1876190476190476;3.176190476190476;
3.1642352941176473;3.152;3.1670588235294117;3.160470588235294;3.156705882352941;3.1548235294117646;3.140705882352941;3.1378823529411766;3.187764705882353;3.136;3.152;3.1491764705882352;3.12;3.1068235294117645;3.123764705882353;3.1670588235294117;3.136941176470588;3.1416470588235295;3.1708235294117646;3.1294117647058823;3.146352941176471;3.136;3.1651764705882353;3.1256470588235294;3.127529411764706;3.1482352941176472;3.1021176470588236;3.1642352941176473;3.1981176470588237;3.152;3.131294117647059;3.1736470588235295;3.104941176470588;3.1548235294117646;3.12;3.1228235294117646;3.146352941176471;3.1698823529411766;3.108705882352941;3.116235294117647;3.1454117647058824;3.168941176470588;3.107764705882353;3.1491764705882352;3.1416470588235295;3.1143529411764708;3.143529411764706;3.1256470588235294;3.088;3.120941176470588;
3.125581395348837;3.118139534883721;3.147906976744186;3.167441860465116;3.1767441860465118;3.166511627906977;3.1432558139534885;3.1386046511627907;3.1116279069767443;3.118139534883721;3.168372093023256;3.130232558139535;3.125581395348837;3.1516279069767443;3.1544186046511626;3.1348837209302327;3.1516279069767443;3.1590697674418604;3.1032558139534885;3.135813953488372;3.1013953488372095;3.184186046511628;3.1748837209302327;3.130232558139535;3.16;3.124651162790698;3.13953488372093;3.147906976744186;3.13953488372093;3.0930232558139537;3.1413953488372095;3.167441860465116;3.1925581395348837;3.1562790697674417;3.130232558139535;3.1888372093023256;3.168372093023256;3.13953488372093;3.166511627906977;3.13953488372093;3.1711627906976743;3.1516279069767443;3.147906976744186;3.1609302325581394;3.146046511627907;3.1451162790697675;3.1562790697674417;3.1506976744186046;3.133953488372093;3.123720930232558;
3.1558620689655172;3.166896551724138;3.1420689655172414;3.136551724137931;3.102528735632184;3.1089655172413795;3.1641379310344826;3.139310344827586;3.170574712643678;3.108045977011494;3.1439080459770117;3.147586206896552;3.130114942528736;3.1273563218390805;3.1291954022988504;3.1613793103448278;3.1190804597701147;3.130114942528736;3.148505747126437;3.1273563218390805;3.1622988505747127;3.101609195402299;3.1577011494252876;3.1402298850574715;3.1558620689655172;3.120919540229885;3.170574712643678;3.107126436781609;3.1954022988505746;3.12183908045977;3.1310344827586207;3.11816091954023;3.12551724137931;3.139310344827586;3.088735632183908;3.152183908045977;3.1310344827586207;3.151264367816092;3.1227586206896554;3.185287356321839;3.178850574712644;3.147586206896552;3.12;3.1429885057471263;3.1439080459770117;3.1466666666666665;3.20183908045977;3.136551724137931;3.1632183908045977;3.1098850574712644;
3.160909090909091;3.1663636363636365;3.1436363636363636;3.132727272727273;3.1427272727272726;3.169090909090909;3.1545454545454548;3.1454545454545455;3.151818181818182;3.151818181818182;3.1645454545454546;3.1254545454545455;3.1472727272727274;3.1427272727272726;3.2027272727272726;3.1336363636363638;3.170909090909091;3.131818181818182;3.159090909090909;3.1081818181818184;3.169090909090909;3.139090909090909;3.1445454545454545;3.0927272727272728;3.1454545454545455;3.1454545454545455;3.1545454545454548;3.138181818181818;3.159090909090909;3.153636363636364;3.131818181818182;3.148181818181818;3.1081818181818184;3.170909090909091;3.1363636363636362;3.148181818181818;3.1336363636363638;3.1036363636363635;3.1354545454545453;3.0736363636363637;3.1145454545454547;3.131818181818182;3.132727272727273;3.158181818181818;3.1027272727272726;3.0945454545454547;3.098181818181818;3.1472727272727274;3.1545454545454548;3.16;
3.1649438202247193;3.1101123595505618;3.10561797752809;3.13438202247191;3.0984269662921347;3.1658426966292135;3.1092134831460676;3.127191011235955;3.121797752808989;3.138876404494382;3.1595505617977526;3.16314606741573;3.1496629213483147;3.1047191011235955;3.1208988764044943;3.147865168539326;3.143370786516854;3.1802247191011235;3.160449438202247;3.1640449438202247;3.1208988764044943;3.0813483146067417;3.121797752808989;3.190112359550562;3.1325842696629214;3.115505617977528;3.143370786516854;3.167640449438202;3.1191011235955055;3.1370786516853935;3.1424719101123597;3.16314606741573;3.1649438202247193;3.138876404494382;3.169438202247191;3.1379775280898876;3.1514606741573035;3.2134831460674156;3.1424719101123597;3.093932584269663;3.1424719101123597;3.138876404494382;3.150561797752809;3.1721348314606743;3.141573033707865;3.112808988764045;3.140674157303371;3.147865168539326;3.175730337078652;3.073258426966292;
3.2035555555555555;3.16;3.112888888888889;3.110222222222222;3.136;3.121777777777778;3.1644444444444444;3.0995555555555554;3.184;3.136888888888889;3.1804444444444444;3.129777777777778;3.144;3.1706666666666665;3.1422222222222222;3.1493333333333333;3.1635555555555555;3.1644444444444444;3.151111111111111;3.071111111111111;3.1066666666666665;3.12;3.0906666666666665;3.135111111111111;3.127111111111111;3.119111111111111;3.1066666666666665;3.0933333333333333;3.0933333333333333;3.1724444444444444;3.12;3.1715555555555555;3.1413333333333333;3.144;3.111111111111111;3.1582222222222223;3.159111111111111;3.0986666666666665;3.144;3.1395555555555554;3.151111111111111;3.127111111111111;3.1475555555555554;3.1573333333333333;3.1173333333333333;3.143111111111111;3.1395555555555554;3.096888888888889;3.120888888888889;3.144888888888889;
3.134065934065934;3.114725274725275;3.105054945054945;3.1402197802197804;3.1569230769230767;3.127912087912088;3.1314285714285712;3.1314285714285712;3.148131868131868;3.156043956043956;3.1323076923076925;3.112087912087912;3.1586813186813187;3.141098901098901;3.112967032967033;3.1094505494505493;3.1085714285714285;3.1076923076923078;3.1006593406593406;3.161318681318681;3.134065934065934;3.1323076923076925;3.076923076923077;3.0945054945054946;3.1868131868131866;3.1745054945054947;3.1305494505494504;3.1217582417582417;3.1296703296703297;3.127912087912088;3.136703296703297;3.1375824175824176;3.105054945054945;3.134945054945055;3.165714285714286;3.144615384615385;3.149010989010989;3.083076923076923;3.144615384615385;3.1621978021978023;3.114725274725275;3.147252747252747;3.170989010989011;3.1191208791208793;3.163076923076923;3.1665934065934067;3.1252747252747253;3.156043956043956;3.1243956043956045;3.142857142857143;
3.163478260869565;3.150434782608696;3.1817391304347824;3.196521739130435;3.188695652173913;3.1539130434782607;3.1582608695652175;3.106086956521739;3.139130434782609;3.1408695652173915;3.1495652173913045;3.139130434782609;3.163478260869565;3.0869565217391304;3.163478260869565;3.1330434782608694;3.1478260869565218;3.1226086956521737;3.1408695652173915;3.1252173913043477;3.1982608695652175;3.1582608695652175;3.1243478260869564;3.14;3.14;3.1269565217391304;3.187826086956522;3.130434782608696;3.1626086956521737;3.1252173913043477;3.1052173913043477;3.1582608695652175;3.183478260869565;3.152173913043478;3.0904347826086958;3.168695652173913;3.1226086956521737;3.1539130434782607;3.150434782608696;3.148695652173913;3.1269565217391304;3.154782608695652;3.0956521739130434;3.139130434782609;3.1869565217391305;3.150434782608696;3.154782608695652;3.1643478260869564;3.157391304347826;3.1452173913043477;
3.077849462365591;3.084731182795699;3.1217204301075268;3.132043010752688;3.1681720430107525;3.0821505376344085;3.1458064516129034;3.1303225806451613;3.161290322580645;3.1346236559139786;3.1286021505376342;3.1621505376344086;3.1027956989247314;3.1346236559139786;3.155268817204301;3.1432258064516128;3.101935483870968;3.0933333333333333;3.1406451612903226;3.1286021505376342;3.1406451612903226;3.141505376344086;3.1131182795698926;3.137204301075269;3.1131182795698926;3.141505376344086;3.131182795698925;3.163010752688172;3.1088172043010753;3.1243010752688174;3.1406451612903226;3.1208602150537637;3.137204301075269;3.1346236559139786;3.149247311827957;3.12;3.12;3.1595698924731184;3.115698924731183;3.1673118279569894;3.1174193548387095;3.1251612903225805;3.127741935483871;3.1655913978494623;3.1354838709677417;3.131182795698925;3.1380645161290324;3.1647311827956988;3.123440860215054;3.1518279569892473;
3.137021276595745;3.164255319148936;3.1182978723404253;3.1395744680851063;3.1446808510638298;3.138723404255319;3.1106382978723404;3.1327659574468085;3.146382978723404;3.1991489361702126;3.1182978723404253;3.1319148936170214;3.1540425531914895;3.1523404255319147;3.1114893617021275;3.1702127659574466;3.1625531914893616;3.1914893617021276;3.1710638297872342;3.116595744680851;3.148936170212766;3.1617021276595745;3.178723404255319;3.1029787234042554;3.1531914893617023;3.1336170212765957;3.148936170212766;3.1472340425531913;3.1659574468085108;3.1123404255319147;3.159148936170213;3.115744680851064;3.1514893617021276;3.155744680851064;3.1182978723404253;3.1540425531914895;3.1523404255319147;3.1319148936170214;3.1412765957446807;3.0731914893617023;3.1123404255319147;3.1182978723404253;3.174468085106383;3.0834042553191487;3.1259574468085107;3.0672340425531917;3.1651063829787236;3.1523404255319147;3.1131914893617023;3.1072340425531917;
3.1562105263157894;3.1242105263157893;3.1174736842105264;3.122526315789474;3.1435789473684213;3.1418947368421053;3.134315789473684;3.1157894736842104;3.114105263157895;3.160421052631579;3.1562105263157894;3.12;3.1806315789473683;3.1242105263157893;3.1435789473684213;3.1410526315789475;3.175578947368421;3.1418947368421053;3.1696842105263157;3.1418947368421053;3.126736842105263;3.136;3.1157894736842104;3.1376842105263156;3.1562105263157894;3.114105263157895;3.095578947368421;3.1621052631578945;3.154526315789474;3.134315789473684;3.1309473684210527;3.144421052631579;3.1317894736842105;3.1536842105263156;3.150315789473684;3.168842105263158;3.1637894736842105;3.1402105263157893;3.1646315789473682;3.1258947368421053;3.166315789473684;3.134315789473684;3.1553684210526316;3.1309473684210527;3.1461052631578945;3.094736842105263;3.122526315789474;3.1309473684210527;3.151157894736842;3.0930526315789475;
3.1175;3.1441666666666666;3.1108333333333333;3.1108333333333333;3.1641666666666666;3.155;3.131666666666667;3.145;3.1;3.1391666666666667;3.1691666666666665;3.1416666666666666;3.1366666666666667;3.1233333333333335;3.191666666666667;3.1108333333333333;3.1333333333333333;3.1325;3.1708333333333334;3.129166666666667;3.155;3.1191666666666666;3.1391666666666667;3.1158333333333332;3.16;3.1266666666666665;3.1425;3.1758333333333333;3.1775;3.120833333333333;3.1325;3.13;3.1725;3.14;3.1283333333333334;3.145;3.1308333333333334;3.1216666666666666;3.1308333333333334;3.1416666666666666;3.1258333333333335;3.1725;3.1308333333333334;3.1333333333333333;3.135;3.1158333333333332;3.1283333333333334;3.135;3.1158333333333332;3.1441666666666666;
3.122474226804124;3.1430927835051548;3.1711340206185565;3.1331958762886596;3.1571134020618556;3.1373195876288658;3.1241237113402063;3.123298969072165;3.1727835051546394;3.1348453608247424;3.168659793814433;3.138144329896907;3.0969072164948455;3.109278350515464;3.1496907216494847;3.144742268041237;3.1818556701030927;3.167835051546392;3.1744329896907217;3.120824742268041;3.1249484536082472;3.168659793814433;3.1496907216494847;3.157938144329897;3.1529896907216495;3.1059793814432988;3.1414432989690724;3.1595876288659794;3.1331958762886596;3.1241237113402063;3.191752577319588;3.189278350515464;3.1307216494845362;3.1488659793814433;3.1084536082474226;3.144742268041237;3.116701030927835;3.1430927835051548;3.176082474226804;3.1488659793814433;3.1884536082474226;3.1422680412371133;3.144742268041237;3.115876288659794;3.171958762886598;3.1562886597938142;3.0969072164948455;3.1463917525773195;3.140618556701031;3.1216494845360825;
3.149387755102041;3.1363265306122448;3.1608163265306124;3.116734693877551;3.1330612244897957;3.1330612244897957;3.133877551020408;3.142857142857143;3.15265306122449;3.180408163265306;3.159183673469388;3.1444897959183673;3.1697959183673468;3.1714285714285713;3.1551020408163266;3.123265306122449;3.1118367346938776;3.1355102040816325;3.1028571428571428;3.1363265306122448;3.137142857142857;3.1648979591836737;3.126530612244898;3.1363265306122448;3.1322448979591835;3.130612244897959;3.1363265306122448;3.146938775510204;3.1085714285714285;3.128979591836735;3.153469387755102;3.146122448979592;3.106938775510204;3.180408163265306;3.16734693877551;3.1208163265306124;3.15265306122449;3.1061224489795918;3.1518367346938776;3.1412244897959183;3.130612244897959;3.137142857142857;3.1208163265306124;3.1297959183673467;3.122448979591837;3.1730612244897958;3.1648979591836737;3.156734693877551;3.140408163265306;3.170612244897959;
3.148282828282828;3.133737373737374;3.1353535353535356;3.12969696969697;3.1773737373737374;3.162020202020202;3.152323232323232;3.1725252525252525;3.1191919191919193;3.144242424242424;3.132929292929293;3.141010101010101;3.1345454545454547;3.144242424242424;3.145050505050505;3.149090909090909;3.1143434343434344;3.1385858585858584;3.112727272727273;3.1135353535353536;3.148282828282828;3.1563636363636363;3.152323232323232;3.136969696969697;3.1418181818181816;3.1175757575757577;3.12;3.1434343434343432;3.125656565656566;3.145050505050505;3.1175757575757577;3.161212121212121;3.116767676767677;3.1458585858585857;3.102222222222222;3.1305050505050507;3.174949494949495;3.161212121212121;3.166868686868687;3.1692929292929293;3.1692929292929293;3.102222222222222;3.148282828282828;3.1676767676767676;3.139393939393939;3.1313131313131315;3.1434343434343432;3.103030303030303;3.1814141414141415;3.1280808080808082;
3.1448;3.1352;3.0904;3.1408;3.1224;3.1536;3.1488;3.1512;3.156;3.1384;3.1472;3.176;3.1424;3.1032;3.1072;3.1224;3.1128;3.16;3.1576;3.0984;3.1136;3.1272;3.124;3.1216;3.172;3.1672;3.1592;3.0936;3.1312;3.1424;3.0912;3.1624;3.1336;3.1128;3.0968;3.1528;3.1584;3.148;3.1928;3.152;3.156;3.14;3.1488;3.1016;3.104;3.1424;3.0912;3.1128;3.1056;3.164;